,Feature,Coefficient
0,00020100000001,0.2879421294779322
26,00730100000072,0.006670763797585334
6,00330104000032,0.006428251290907993
33,00820100000081,0.00559729362294084
40,01450100000125,0.004400798559813511
20,00600100000059,0.00430747887694963
9,00390104000038,0.0032717194205451466
2,00040100000003,0.0031458070693726353
46,01510104000131,0.0031109627519214965
28,00750100000074,0.0027751250046391764
222,08000103000791,0.0024424829313099985
12,00490105000048,0.0023953953512321816
13,00500101000049,0.002323741976791968
24,00670104000066,0.0019250945867920173
479,01130200001545,0.00156617609431473
42,01470104000127,0.001390385108665645
597,04130204001844,0.0010188418809133101
212,07840103000775,0.0010104279220700403
8,00360100000035,0.000904154464563265
672,05290200001962,0.0008804032087134809
164,06970100000697,0.0008699673846939501
508,01710205001583,0.0008268822188447123
91,03610100000361,0.0008083583596136851
481,01160200001548,0.0007852858288700034
512,02100200001622,0.0007820026730549334
68,02770104000277,0.0007671820480488106
370,11920101001192,0.0007165864452957621
47,01520104000132,0.0006926099339965918
175,07130104000713,0.0006536377440278855
54,01670104000147,0.0005874544643235897
461,00720200001503,0.0005683123371852365
412,14060100001406,0.0005556270536956582
193,07440100000744,0.0005472503233790134
1207,03520300003216,0.0005261897821731677
541,02950200001727,0.0005234841402102409
3543,09330600008077,0.0005230193848074349
60,02420100000222,0.000506238795481875
776,07250200002157,0.0004890979631156676
1059,13790200002811,0.0004705967717056237
612,04480200001880,0.00046468736910663705
57,01840101000164,0.00045000462777383855
35,00840104000083,0.00044485156404414317
812,08160205002239,0.0004420124652000708
1378,06350300003499,0.00043765818982314115
154,06530104000653,0.0004121422771666211
65,02480100000228,0.00040736334443036357
731,06520200002084,0.0004059075896694551
186,07310104000731,0.00039946614157891316
692,05800200002012,0.00039553828021753767
946,10910202002523,0.00037008416750550287
438,00410200001472,0.0003643816622805496
435,00380200001469,0.00036192047231782385
2100,07210400005017,0.00034744000033683773
177,07170100000717,0.0003430656435005169
610,04430205001875,0.00033742833562135517
1099,00410300002904,0.0003351836659975419
781,07320204002164,0.0003337650906194533
1118,00670304002930,0.00032564723762044473
168,07010100000701,0.00032125949979082175
254,08950100000895,0.0003016573822495521
4089,06890900009281,0.00028595944968337806
3696,12410600008401,0.00028159174638409926
389,12710100001271,0.00026925474892195496
11263,07912403025126,0.00026474777406825407
472,00870203001519,0.0002547379223081629
1309,05180300003382,0.0002522432043409085
211,07810103000772,0.00025036885667988507
478,01120201001544,0.00023836494994312858
774,07220200002154,0.00023762411406675834
611,04450205001877,0.0002318922305457553
23,00660105000065,0.00023101349426391218
138,05520100000552,0.00022991770417371738
872,09690200002392,0.00022903048299906893
971,11730200002605,0.00022679732457819566
2388,12630400005559,0.00022675492684399784
139,05530105000553,0.00021567208603127496
226,08050103000796,0.00020897827716833154
1055,13710200002803,0.0002039000712545667
875,09730200002396,0.00020311720093733537
19864,00072800044398,0.0001976589150659903
1981,04890400004785,0.00019197809868345603
1452,07510300003615,0.00019195984622194496
547,03090200001741,0.00019144517622924305
3824,00650900008656,0.00019009756848022144
2040,05890400004885,0.00018829119440193104
579,03690200001801,0.0001790414207629784
236,08580103000858,0.00017857626599926044
584,03840205001816,0.00017706791124289626
834,08880204002320,0.0001572112934587474
2038,05850400004879,0.00015185638856899433
1625,11730300004037,0.00014870088009369343
49,01540104000134,0.00014669806582297496
746,06910204002123,0.0001454872928820912
1061,13810200002813,0.00013719948038900346
21230,03893500047644,0.00013675488962697812
21,00610104000060,0.00012612902650057124
701,05950200002027,0.00012480558830571745
473,00880203001520,0.00011967855808960319
848,09050200002337,0.00010798399947034572
171,07080100000708,0.00010479233091342848
11521,00242500025799,0.00010392120242487796
1590,10490300003904,9.977502769383725e-05
585,03850204001817,9.932774236392483e-05
1120,00700305002933,9.763212010801644e-05
8332,13301500018515,9.456279818556938e-05
681,05530205001985,9.336125871380888e-05
992,12320200002664,9.157104575719053e-05
464,00750200001506,9.150069677597015e-05
1187,02790305003143,9.11745971742626e-05
552,03260200001752,9.114142594009533e-05
748,06940205002126,8.860961927339925e-05
440,00430200001474,7.977411777179568e-05
487,01450200001557,7.626904905543838e-05
48,01530104000133,7.532787290181485e-05
1290,04860300003350,7.296708286114315e-05
1289,04850300003349,7.096636485298612e-05
850,09080200002340,7.041147356745778e-05
1100,00420304002905,6.794298565915589e-05
3656,11540600008314,6.702497489630458e-05
399,13370100001337,6.483539149763535e-05
256,08980101000898,6.415040967003111e-05
5223,04391004011895,6.348468552332526e-05
22029,07073600049395,6.193945058816848e-05
369,11900100001190,6.113636666826707e-05
494,01520204001564,6.035450308131359e-05
371,11940100001194,5.4330814902907364e-05
5132,01681004011604,5.381958657932932e-05
1464,08140305003669,5.1304107659540776e-05
753,07000204002132,5.1101194511867765e-05
700,05940200002026,5.0740967982747816e-05
5159,02771004011733,4.820213124671194e-05
1092,00270305002890,4.816930735905127e-05
632,04680200001905,4.763743481698118e-05
1379,06360300003500,4.7039935973759944e-05
1158,01710305003015,4.6246521375060086e-05
8840,10401605019647,4.391140228733413e-05
614,04510200001883,4.3691656425341376e-05
589,03880205001821,4.3613935707977136e-05
313,10120100001003,4.339954795486734e-05
218,07950103000786,4.2301290497058795e-05
847,09040200002336,3.9524046493055394e-05
19166,12412000042769,3.8682686960415e-05
874,09710200002394,3.558536163496625e-05
452,00600200001491,3.5191381991987855e-05
216,07900103000781,3.480554567785775e-05
8396,00651600018680,3.4650570849283054e-05
10011,07982103022269,3.449541741379576e-05
173,07110100000711,3.4470134694935564e-05
9049,01601700020188,3.42974948564301e-05
583,03830205001815,3.286504145697433e-05
3694,12390600008399,3.0294545208015384e-05
577,03670200001799,2.9761518222498952e-05
312,10100100001001,2.8151854814349813e-05
1098,00390304002902,2.7877031925526036e-05
3800,00320900008623,2.7597015903278084e-05
1652,12270300004091,2.5334928395747363e-05
1803,00860405004382,2.3701786869920827e-05
112,04480100000448,2.3700213338612408e-05
4326,11430900009735,2.2189083754319524e-05
747,06930200002125,2.162523362361501e-05
17680,08560803039520,2.1615348261529484e-05
851,09090205002341,2.0785384584757773e-05
3445,06950600007855,2.000762281176667e-05
18607,00882003041616,1.80644610788725e-05
1195,03020305003166,1.657824641796456e-05
7030,00641400015815,1.5647521685216708e-05
1299,05010300003365,1.4686833508465513e-05
1042,13370200002769,1.431403119008959e-05
752,06990204002131,1.3229646599461616e-05
372,11960100001196,1.3086010958292821e-05
640,04810205001913,1.2673896516851642e-05
3718,12800600008440,1.2165898014840726e-05
550,03120200001744,1.1814901857943013e-05
214,07880103000779,1.1182925077159068e-05
1494,09060305003770,1.0764596220571507e-05
3197,01160600007276,1.0473115671734755e-05
24085,07960703055203,1.0094966406339732e-05
482,01170200001549,9.999174263657654e-06
423,14200103001420,9.974157927395521e-06
237,08660103000866,9.40767569059043e-06
4186,08690905009461,8.84077268888992e-06
582,03820200001814,8.812920517569618e-06
263,09400100000924,8.670208122601969e-06
415,14090100001409,8.027171819001368e-06
2149,07950403005082,7.828870659167243e-06
258,09110100000911,7.762440283800149e-06
381,12350102001235,7.271913990439997e-06
201,07560101000756,6.711318751954047e-06
498,01560200001568,6.392590592421213e-06
17800,09270805039708,6.099752393683314e-06
199,07530100000753,5.826526363663801e-06
4633,04791100010503,4.919238398176727e-06
592,03920205001824,4.885821846972432e-06
18818,05582000042085,4.059075409058486e-06
6251,12421200014130,3.2745240238064933e-06
5992,06581200013546,3.269452292753516e-06
3723,12860600008446,3.2138013993444554e-06
15694,08833404035251,2.9106936467392687e-06
3490,07510600007911,2.8500753775042336e-06
817,07690200002262,2.212481221253335e-06
18829,05802000042108,1.8223483676669121e-06
373,12110100001211,1.486084185949855e-06
1740,14080300004272,1.384720503421412e-06
3892,02780900008870,1.1207687777347156e-06
500,01580200001570,9.723284854681306e-07
643,04840200001916,8.952693327918542e-07
3654,11520600008312,7.991052361790968e-07
641,04820205001914,7.638586738619351e-07
15901,12823400035650,6.1547813383847e-07
539,02900201001721,6.075263322511815e-07
244,08850104000885,5.746293777167106e-07
770,07180200002150,5.246926829069782e-07
453,00610204001492,4.4512390457883725e-07
580,03700200001802,4.2550178451514586e-07
732,06530204002085,2.0093948607430153e-07
1090,00250305002888,1.8956228201992802e-07
15907,12883400035656,1.5272491802903704e-07
765,07130204002145,1.3271157073649637e-07
764,07120204002144,1.3196803312528146e-07
678,05460205001978,1.015133185658868e-07
1154,01670304003011,7.324657132893504e-08
22028,07063600049394,6.492003037981863e-08
261,09380100000922,4.2931475664095144e-08
1186,02780300003142,4.110106088700224e-08
414,14080100001408,3.842772849370494e-08
15899,12803400035648,1.7402583060504278e-08
3198,01170600007277,1.5187919822208166e-08
29,00760104000075,2.442536181070532e-17
2103,07240400005020,2.1795832734682822e-18
41,01460104000126,4.601545330269223e-19
488,01460204001558,2.0752844245832675e-19
25603,04834000058583,-0.0
25604,04844000058584,0.0
25605,04854000058585,-0.0
25602,02504000058582,-0.0
262,09390100000923,0.0
25601,02494000058581,-0.0
264,09410100000925,-0.0
265,09420100000926,-0.0
234,08410104000841,-0.0
235,08560103000856,-0.0
25600,02484000058580,-0.0
25599,02474000058579,-0.0
238,08790100000879,-0.0
239,08800100000880,0.0
240,08810104000881,0.0
241,08820104000882,0.0
242,08830104000883,0.0
243,08840104000884,0.0
25598,02464000058578,0.0
273,09560100000940,0.0
274,09640100000948,-0.0
275,09650105000949,-0.0
276,09690100000960,0.0
279,09730100000964,0.0
280,09740100000965,0.0
281,09810100000966,0.0
250,08910101000891,0.0
251,08920101000892,0.0
252,08930101000893,0.0
253,08940101000894,0.0
25597,02454000058577,-0.0
255,08960101000896,-0.0
25596,14113900058576,-0.0
25595,14103900058575,-0.0
260,09130100000913,-0.0
288,09800101000973,-0.0
289,09830100000974,-0.0
290,09840100000975,-0.0
292,09860100000977,-0.0
293,09870100000978,-0.0
294,09880100000979,-0.0
295,09890100000980,0.0
296,09900101000981,-0.0
297,09910100000982,0.0
266,09430100000927,-0.0
267,09440100000928,-0.0
268,09450100000929,-0.0
269,09460100000930,-0.0
270,09470100000931,-0.0
271,09480100000932,-0.0
272,09490100000933,-0.0
302,09960100000987,0.0
303,09970100000988,0.0
304,09980100000989,0.0
305,09990100000990,0.0
306,10000100000991,-0.0
307,10010100000992,-0.0
308,10020100000993,-0.0
311,10060100000997,-0.0
25594,14093900058574,-0.0
249,08900101000890,-0.0
282,09820100000967,0.0
283,09750100000968,-0.0
284,09760101000969,-0.0
285,09770100000970,-0.0
286,09780101000971,-0.0
287,09790100000972,-0.0
316,10150100001006,-0.0
317,10160101001007,-0.0
318,10170100001008,0.0
319,10180101001009,-0.0
321,10200100001011,0.0
322,10210100001012,-0.0
323,10220100001013,0.0
324,10230100001014,-0.0
325,10240100001015,-0.0
326,10250100001016,-0.0
327,10260100001017,-0.0
328,10270101001018,-0.0
298,09920101000983,-0.0
299,09930100000984,0.0
300,09940101000985,-0.0
301,09950100000986,0.0
331,10300100001021,0.0
332,10310101001022,-0.0
333,10320100001023,-0.0
334,10350101001026,-0.0
335,10360100001027,0.0
336,10370101001028,-0.0
337,10380100001029,-0.0
338,10390101001030,-0.0
339,09310105001050,0.0
340,10600100001057,0.0
341,10610100001058,-0.0
342,10620100001059,0.0
343,10630100001060,-0.0
344,10680100001068,0.0
345,10770100001077,0.0
315,10140101001005,-0.0
25591,11783900058570,0.0
25592,14063900058571,-0.0
25593,14083900058573,-0.0
346,10800100001080,0.0
347,10920102001092,-0.0
348,11020101001102,0.0
349,11040101001104,0.0
350,11500101001150,-0.0
353,11530100001153,-0.0
355,11550100001155,-0.0
357,11570100001157,0.0
358,11590100001159,0.0
359,11600104001160,0.0
360,11610104001161,-0.0
361,11740100001174,-0.0
330,10290101001020,-0.0
375,12270100001227,-0.0
376,12280100001228,-0.0
377,12310100001231,0.0
25578,09723900058556,-0.0
25579,09733900058557,-0.0
25580,09743900058558,-0.0
25581,11523900058559,-0.0
25582,11533900058560,0.0
25583,11543900058561,-0.0
25584,11553900058562,-0.0
25585,11563900058563,-0.0
25586,11573900058564,-0.0
25587,11733900058565,-0.0
25588,11753900058567,-0.0
25589,11763900058568,-0.0
25590,11773900058569,-0.0
388,12700100001270,0.0
248,08890104000889,-0.0
390,12750100001275,-0.0
391,12760100001276,-0.0
362,11750100001175,-0.0
363,11760100001176,-0.0
364,11770100001177,0.0
365,11780100001178,0.0
366,11820101001182,-0.0
367,11830100001183,0.0
246,08870104000887,0.0
245,08860104000886,0.0
203,07580101000758,0.0
202,07570101000757,0.0
233,08400104000840,-0.0
374,12260100001226,-0.0
400,13700100001370,-0.0
403,13840100001384,-0.0
404,13860100001386,-0.0
405,13880100001388,-0.0
406,13900100001390,-0.0
407,13920100001392,-0.0
378,12320100001232,-0.0
379,12330105001233,0.0
380,12340104001234,0.0
232,07770104000838,-0.0
382,12430100001243,-0.0
383,12450100001245,0.0
384,12470100001247,0.0
385,12580100001258,0.0
386,12600100001260,0.0
387,12690100001269,0.0
413,14070100001407,-0.0
231,08130103000804,-0.0
229,08110103000802,-0.0
416,14110100001411,0.0
417,14120100001412,0.0
418,14130100001413,0.0
419,14140100001414,0.0
420,14150100001415,-0.0
421,14160100001416,-0.0
422,14170100001417,-0.0
228,08100103000801,-0.0
424,14310100001431,0.0
425,14320101001432,0.0
394,13040104001304,-0.0
398,13360100001336,-0.0
227,08090103000800,-0.0
426,00250205001456,-0.0
427,00270205001458,-0.0
428,00290205001460,-0.0
429,00310205001462,-0.0
430,00320200001463,0.0
431,00330204001464,-0.0
433,00350205001466,-0.0
434,00370205001468,-0.0
220,07970103000788,-0.0
436,00390204001470,0.0
25609,09704000058590,0.0
439,00420204001473,0.0
25608,09694000058589,0.0
441,00440200001475,-0.0
411,14050100001405,0.0
25607,04874000058587,-0.0
25562,14113600058540,-0.0
25563,02453900058541,-0.0
25564,02463900058542,0.0
25565,02473900058543,-0.0
25566,02483900058544,0.0
25567,02493900058545,-0.0
25568,02503900058546,-0.0
25569,04833900058547,-0.0
25570,04843900058548,0.0
25571,04853900058549,-0.0
25572,04863900058550,-0.0
25573,04873900058551,-0.0
25574,04883900058552,-0.0
25575,09693900058553,-0.0
25576,09703900058554,0.0
25577,09713900058555,-0.0
25606,04864000058586,-0.0
187,07330104000733,0.0
442,00460200001477,-0.0
443,00470205001478,-0.0
444,00480200001479,-0.0
445,00490205001480,-0.0
446,00500201001481,-0.0
448,00550201001486,-0.0
449,00560200001487,-0.0
450,00570200001488,-0.0
451,00580200001489,-0.0
217,07910103000782,0.0
215,07890103000780,0.0
454,00620200001493,0.0
455,00630200001494,0.0
457,00660205001497,-0.0
483,01190200001551,0.0
484,01200205001552,-0.0
485,01220205001554,0.0
213,07860103000777,0.0
210,07800105000771,-0.0
489,01470204001559,0.0
458,00670204001498,-0.0
459,00690205001500,0.0
460,00700205001501,-0.0
209,07680100000768,0.0
463,00740200001505,0.0
208,07630101000763,0.0
465,00760204001507,0.0
466,00790200001510,-0.0
467,00810204001512,-0.0
470,00840204001515,-0.0
499,01570200001569,0.0
207,07620101000762,0.0
501,01590200001571,0.0
502,01600200001572,0.0
503,01610204001573,0.0
504,01650200001577,-0.0
505,01660205001578,-0.0
474,01010200001533,0.0
475,01080200001540,0.0
476,01090200001541,0.0
477,01100200001542,0.0
206,07610101000761,0.0
205,07600101000760,0.0
480,01150200001547,0.0
204,07590101000759,0.0
172,07100100000710,-0.0
515,02170200001629,0.0
516,02190205001631,0.0
517,02200205001632,0.0
518,02210200001633,0.0
519,02220200001634,0.0
520,02240200001636,0.0
521,02250205001637,0.0
490,01480204001560,-0.0
491,01490204001561,0.0
492,01500204001562,0.0
493,01510204001563,0.0
200,07550101000755,0.0
495,01530204001565,0.0
496,01540204001566,0.0
497,01550204001567,0.0
198,07520100000752,0.0
529,02450200001657,0.0
530,02460200001658,0.0
531,02490200001661,-0.0
532,02500200001662,-0.0
533,02770204001709,-0.0
534,02780200001710,-0.0
535,02840200001716,0.0
536,02850200001717,0.0
537,02860200001718,0.0
197,07510100000751,0.0
509,01720205001584,-0.0
510,02030200001615,-0.0
511,02060205001618,-0.0
196,07470100000747,0.0
513,02140200001626,0.0
514,02150200001627,0.0
544,03070200001738,0.0
545,03060200001739,-0.0
546,03080200001740,-0.0
195,07460100000746,0.0
548,03100200001742,0.0
194,07450100000745,0.0
551,03130200001745,0.0
192,07420101000742,0.0
553,03270200001753,0.0
522,02330200001645,0.0
523,02340200001646,0.0
524,02370205001649,0.0
525,02390200001651,0.0
526,02420200001654,-0.0
527,02430200001655,-0.0
528,02440200001656,-0.0
560,03370200001763,0.0
561,03380200001764,0.0
562,03390200001765,0.0
563,03400200001766,0.0
564,03510200001783,0.0
565,03530200001785,-0.0
566,03540200001786,-0.0
567,03550200001787,-0.0
568,03560200001788,-0.0
569,03570200001789,-0.0
538,02880205001720,0.0
191,07410101000741,0.0
540,02890205001725,-0.0
189,07350104000735,0.0
542,03040200001736,0.0
543,03050200001737,0.0
575,03630200001795,0.0
576,03640200001796,0.0
188,07340104000734,0.0
578,03680200001800,0.0
162,06900105000690,0.0
161,06880100000688,-0.0
159,06580100000658,0.0
158,06570100000657,-0.0
157,06560101000656,0.0
156,06550101000655,0.0
554,03280200001754,0.0
555,03290200001755,0.0
556,03300200001756,0.0
557,03310200001757,0.0
558,03350200001761,0.0
559,03360200001762,0.0
591,03910204001823,0.0
155,06540101000654,0.0
593,03930200001825,0.0
594,03940205001826,0.0
595,03950204001827,0.0
596,04100200001841,0.0
185,07300104000730,0.0
598,04050204001845,0.0
599,04140200001846,-0.0
600,04160205001848,0.0
601,04170204001849,0.0
570,03580200001790,-0.0
571,03590200001791,-0.0
572,03600200001792,0.0
573,03610200001793,0.0
574,03620200001794,0.0
605,04360201001868,-0.0
607,04380200001870,0.0
608,04390204001871,-0.0
609,04410205001873,-0.0
184,07290104000729,0.0
183,07280104000728,0.0
182,07270104000727,0.0
613,04500200001882,-0.0
181,07260100000726,0.0
615,04520205001884,0.0
616,04530204001885,0.0
617,04540205001886,0.0
586,03860205001818,0.0
587,03870200001819,0.0
174,07120104000712,0.0
590,03900205001822,0.0
621,04580204001890,0.0
622,04590200001891,-0.0
623,04600205001892,0.0
624,04620205001894,0.0
625,04630205001895,0.0
626,04740200001896,0.0
627,04760205001898,0.0
628,04770204001899,0.0
629,04640205001901,0.0
630,04650204001902,0.0
631,04670205001904,0.0
152,06310100000631,-0.0
633,04690204001906,0.0
602,04330200001865,0.0
603,04340200001866,0.0
604,04350201001867,-0.0
636,04720205001909,0.0
637,04730205001910,0.0
638,04790200001911,-0.0
639,04800205001912,0.0
151,06290100000629,-0.0
150,06280100000628,-0.0
642,04830200001915,-0.0
149,06260100000626,-0.0
644,04860200001918,-0.0
646,04880200001920,0.0
647,04890200001921,-0.0
648,04900200001922,-0.0
649,04940200001926,-0.0
618,04550205001887,0.0
619,04560200001888,-0.0
620,04570205001889,0.0
652,05000205001932,0.0
653,05010200001933,0.0
654,05020205001934,0.0
655,05030204001935,0.0
656,05050200001937,-0.0
657,05060205001938,0.0
658,05070204001939,0.0
659,05090205001941,0.0
660,05130200001945,-0.0
661,05140205001946,0.0
662,05150204001947,0.0
663,05170200001949,-0.0
664,05180200001950,0.0
665,05190205001951,0.0
634,04700205001907,0.0
635,04710204001908,0.0
666,05200204001952,0.0
667,05210205001953,0.0
668,05220204001954,0.0
669,05310200001958,-0.0
670,05270205001960,0.0
671,05280204001961,0.0
148,05820104000582,-0.0
673,05300205001963,-0.0
674,05320205001964,-0.0
675,05430200001975,-0.0
147,05810105000581,0.0
679,05500200001982,0.0
680,05520200001984,0.0
145,05790100000579,0.0
650,04950205001927,0.0
651,04990205001931,0.0
25546,11523600058523,-0.0
25547,11533600058524,0.0
25548,11543600058525,-0.0
25549,11553600058526,-0.0
25550,11563600058527,-0.0
25551,11573600058528,-0.0
25552,11733600058529,0.0
25553,11743600058530,0.0
25554,11753600058531,0.0
25555,11763600058532,0.0
25556,11773600058533,0.0
25557,11783600058534,-0.0
25558,14063600058535,0.0
25559,14073600058536,0.0
25560,14083600058537,0.0
25561,14093600058538,0.0
682,05540204001986,0.0
683,05550205001987,0.0
684,05560200001988,0.0
685,05580200001989,0.0
686,05570204001990,0.0
687,05590205001991,0.0
688,05600204001992,0.0
689,05610204001993,0.0
690,05660200001998,0.0
691,05740200002006,0.0
144,05740100000574,-0.0
693,05810205002013,0.0
694,05820204002014,0.0
695,05880200002020,-0.0
696,05900200002022,-0.0
697,05910203002023,-0.0
729,06440204002076,0.0
698,05920203002024,-0.0
699,05930203002025,-0.0
143,05660100000566,0.0
142,05650100000565,-0.0
702,05960205002028,0.0
703,05970200002029,-0.0
704,06040200002036,-0.0
705,06050200002037,0.0
706,06060200002038,-0.0
707,06070200002039,-0.0
708,06080200002040,-0.0
710,06100200002042,0.0
711,06120200002044,0.0
712,06190200002051,0.0
713,06200200002052,0.0
745,06900205002122,0.0
714,06210200002053,0.0
715,06220200002054,0.0
716,06230200002055,0.0
717,06240200002056,0.0
718,06250200002057,0.0
719,06260200002058,0.0
720,06270200002059,0.0
721,06290200002061,0.0
722,06300200002062,0.0
723,06310200002063,0.0
724,06350200002067,0.0
725,06360200002068,0.0
726,06370200002069,0.0
727,06410200002073,0.0
728,06420204002074,-0.0
757,07040200002136,0.0
758,07050200002137,0.0
761,07080200002140,0.0
169,07030100000703,-0.0
163,06950100000695,-0.0
733,06540201002086,-0.0
734,06550201002087,-0.0
735,06560201002088,-0.0
736,06570200002089,0.0
737,06580200002090,-0.0
738,06600205002092,0.0
739,06680204002100,-0.0
740,06770200002109,-0.0
741,06860200002118,0.0
743,06880200002120,-0.0
744,06890200002121,0.0
771,07190200002151,0.0
772,07200200002152,0.0
25624,02502200058618,-0.0
775,07230200002155,-0.0
25623,02492200058617,-0.0
777,07280204002160,0.0
25622,02472200058615,-0.0
25621,02462200058614,0.0
25620,14114000058612,-0.0
749,06950200002127,-0.0
750,06970200002129,-0.0
751,06980200002130,0.0
25619,14094000058610,0.0
25618,14074000058608,0.0
754,07010200002133,-0.0
756,07030200002135,-0.0
787,07390203002171,-0.0
788,07400200002172,0.0
789,07410201002173,-0.0
790,07420201002174,-0.0
791,07430200002175,-0.0
792,07440200002176,0.0
793,07450200002177,0.0
762,07090200002141,0.0
763,07100200002142,0.0
25617,11784000058606,-0.0
25616,11744000058602,0.0
766,07140200002146,0.0
767,07150200002147,0.0
768,07160200002148,-0.0
769,07170200002149,0.0
25615,11574000058600,-0.0
803,07590201002191,0.0
804,07600201002192,0.0
805,07610201002193,0.0
806,07620201002194,0.0
807,07630201002195,0.0
808,07680200002200,-0.0
809,07800205002203,0.0
778,07290204002161,0.0
779,07300204002162,-0.0
780,07310204002163,-0.0
25614,11564000058599,-0.0
782,07330204002165,-0.0
783,07340204002166,0.0
784,07350204002167,0.0
785,07370200002169,-0.0
786,07380203002170,-0.0
818,07700205002263,0.0
819,07720205002265,0.0
820,08690205002301,-0.0
821,08700205002302,-0.0
822,08710204002303,-0.0
824,08730205002305,0.0
825,08740204002306,-0.0
794,07460200002178,0.0
795,07470200002179,0.0
796,07510200002183,0.0
797,07520200002184,0.0
798,07530200002185,0.0
799,07550201002187,0.0
800,07560201002188,0.0
801,07570201002189,0.0
802,07580201002190,0.0
25613,11544000058597,-0.0
835,08890204002321,-0.0
836,08900201002322,0.0
837,08910201002323,0.0
838,08920201002324,0.0
839,08930201002325,0.0
840,08940201002326,0.0
841,08960201002328,0.0
810,08140205002237,-0.0
811,08150205002238,-0.0
25612,11534000058596,0.0
813,08280205002251,0.0
814,08360200002259,0.0
815,08370205002260,0.0
816,08380201002261,0.0
25611,09744000058594,-0.0
25610,09724000058592,0.0
153,06420104000642,0.0
852,09110200002343,0.0
853,09120200002344,0.0
854,09130200002345,-0.0
855,09330200002349,0.0
856,09340200002350,-0.0
857,09350200002351,0.0
826,08750205002307,-0.0
827,08760205002308,-0.0
828,08800200002312,-0.0
829,08810204002313,-0.0
830,08830204002315,-0.0
831,08840204002316,-0.0
832,08860204002318,0.0
833,08870204002319,-0.0
864,09490200002365,-0.0
865,09500200002366,-0.0
866,09560200002372,0.0
867,09630205002379,-0.0
869,09650205002381,-0.0
870,09670201002383,-0.0
871,09170204002385,0.0
108,04330100000433,-0.0
873,09700200002393,-0.0
842,08980201002330,0.0
843,09000205002332,-0.0
845,09020200002334,0.0
846,09030200002335,0.0
107,04050104000413,-0.0
137,05500100000550,-0.0
849,09060205002338,-0.0
879,09750200002400,-0.0
880,09760201002401,0.0
881,09770200002402,-0.0
882,09780201002403,0.0
883,09790200002404,-0.0
884,09800201002405,0.0
885,09830200002406,-0.0
886,09840200002407,-0.0
887,09850200002408,-0.0
888,09860200002409,-0.0
889,09870200002410,-0.0
858,09360205002352,-0.0
860,09410200002357,-0.0
861,09420200002358,-0.0
862,09430200002359,-0.0
863,09440200002360,-0.0
895,09930200002416,0.0
896,09940201002417,0.0
897,09950200002418,0.0
898,09960200002419,0.0
899,09970200002420,0.0
900,09990200002422,-0.0
901,10000200002423,-0.0
902,10010200002424,0.0
903,10020200002425,0.0
904,10030200002426,-0.0
905,10040200002427,-0.0
136,05250105000525,0.0
134,05210105000521,-0.0
876,09740200002397,-0.0
877,09810200002398,0.0
878,09820200002399,0.0
911,10110200002434,0.0
912,10120200002435,0.0
913,10130200002436,-0.0
914,10140201002437,-0.0
915,10150200002438,-0.0
916,10160201002439,-0.0
917,10170200002440,-0.0
918,10180201002441,-0.0
919,10190200002442,-0.0
920,10200200002443,0.0
921,10210200002444,-0.0
890,09880200002411,-0.0
891,09890200002412,0.0
892,09900201002413,0.0
893,09910200002414,0.0
894,09920201002415,0.0
927,10270201002450,0.0
928,10280200002451,0.0
929,10290201002452,-0.0
930,10300200002453,-0.0
931,10310201002454,0.0
932,10350201002458,0.0
933,10360200002459,-0.0
934,10370201002460,0.0
935,10380200002461,0.0
936,10390201002462,0.0
937,10400205002463,0.0
906,10050200002428,0.0
907,10060200002429,0.0
908,10070200002430,0.0
909,10090200002432,0.0
910,10100200002433,0.0
942,10630200002492,-0.0
943,10680200002500,0.0
944,10770200002509,0.0
945,10870205002519,0.0
133,04960104000496,-0.0
947,10920202002524,0.0
948,10970205002529,0.0
949,10980205002530,0.0
951,11020201002534,0.0
952,11030201002535,0.0
953,11040201002536,0.0
922,10220200002445,-0.0
923,10230200002446,-0.0
924,10240200002447,-0.0
925,10250200002448,0.0
926,10260200002449,0.0
957,11450200002577,-0.0
958,11460200002578,-0.0
959,11470200002579,-0.0
960,11480205002580,0.0
961,11490200002581,-0.0
963,11520200002584,0.0
964,11530200002585,0.0
965,11540200002586,-0.0
966,11550200002587,-0.0
967,11560200002588,0.0
968,11590200002591,0.0
969,11600204002592,0.0
938,09310205002482,0.0
939,09320205002483,0.0
940,10600200002489,-0.0
941,10610200002490,-0.0
973,11750200002607,0.0
974,11760200002608,0.0
975,11770200002609,0.0
976,11780200002610,0.0
977,11820201002614,-0.0
978,11830200002615,0.0
979,11840200002616,0.0
980,11870200002619,-0.0
981,11920201002624,-0.0
982,11980200002630,-0.0
983,12110200002643,-0.0
984,12220205002654,0.0
985,12230205002655,-0.0
954,11050201002537,0.0
955,11240200002556,-0.0
956,11440200002576,-0.0
989,12290205002661,0.0
990,12300205002662,0.0
991,12310200002663,-0.0
132,04840100000484,-0.0
993,12330205002665,-0.0
994,12340204002666,-0.0
995,12350202002667,-0.0
996,12360200002668,0.0
997,12370200002669,0.0
998,12380200002670,0.0
999,12390200002671,0.0
1000,12410200002673,0.0
1001,12430200002675,0.0
970,11690205002601,-0.0
131,04730105000478,-0.0
972,11740200002606,0.0
1004,12580200002690,-0.0
1005,12600200002692,-0.0
1006,12630200002695,0.0
1007,12640205002696,0.0
1008,12650200002697,0.0
1010,12680205002700,-0.0
1011,12690200002701,-0.0
1012,12700200002702,-0.0
1013,12710200002703,-0.0
1014,12750200002707,-0.0
1015,12760200002708,-0.0
1016,12770200002709,-0.0
1017,12780200002710,-0.0
986,12260200002658,-0.0
987,12270200002659,-0.0
988,12280200002660,-0.0
1019,12800200002712,-0.0
1020,12810200002713,-0.0
1021,12820200002714,0.0
1022,12830200002715,-0.0
1023,12840200002716,-0.0
1024,12850200002717,0.0
1025,12860200002718,-0.0
1026,12870200002719,-0.0
1027,12880200002720,0.0
1028,12910205002723,-0.0
1029,12920205002724,-0.0
1030,12930204002725,0.0
1031,12980205002730,-0.0
1033,13010205002733,-0.0
1002,12450200002677,-0.0
1003,12470200002679,-0.0
1034,13030205002735,-0.0
1035,13270200002759,0.0
1036,13280200002760,0.0
1037,13290200002761,0.0
1038,13330200002765,0.0
1039,13340204002766,0.0
1040,13350204002767,0.0
1041,13360200002768,0.0
130,04720105000477,-0.0
1043,13390205002771,-0.0
1045,13410205002773,-0.0
1046,13430200002775,0.0
1047,13620200002794,0.0
1048,13630200002795,0.0
1049,13640200002796,0.0
1018,12790200002711,0.0
25530,02453600058505,-0.0
25531,02463600058506,0.0
25532,02473600058507,-0.0
25533,02493600058509,-0.0
25534,02503600058510,-0.0
25535,04833600058511,0.0
25536,04843600058512,0.0
25537,04853600058513,-0.0
25538,04863600058514,-0.0
25539,04873600058515,-0.0
25540,09693600058517,0.0
25541,09703600058518,0.0
25542,09713600058519,0.0
25543,09723600058520,0.0
25544,09733600058521,0.0
25545,09743600058522,-0.0
1079,14090200002841,-0.0
1080,14100200002842,-0.0
1050,13650200002797,0.0
1051,13660200002798,-0.0
1052,13670200002799,-0.0
1053,13680200002800,-0.0
1054,13690200002801,-0.0
129,04710104000476,-0.0
1056,13760200002808,0.0
1057,13770200002809,0.0
1058,13780200002810,0.0
128,04700105000475,-0.0
1060,13800200002812,0.0
126,04670105000472,-0.0
1062,13820200002814,-0.0
1063,13830200002815,-0.0
124,04640105000469,-0.0
1093,00330304002896,0.0
1094,00340300002897,-0.0
1095,00350305002898,0.0
1096,00370305002900,0.0
1097,00380300002901,0.0
1066,13860200002818,-0.0
1067,13870200002819,-0.0
1068,13880200002820,-0.0
1069,13890200002821,-0.0
1072,13920200002824,-0.0
1073,13930200002825,-0.0
1074,13980201002830,0.0
1075,13990200002831,-0.0
1076,14000200002832,0.0
1078,14070200002839,0.0
1107,00520300002915,0.0
1108,00530300002916,0.0
1109,00560300002919,-0.0
1110,00570300002920,-0.0
1111,00580300002921,-0.0
1112,00600300002923,-0.0
1113,00610304002924,-0.0
1083,14130200002845,-0.0
1084,14140200002846,-0.0
1085,14150200002847,0.0
1086,14160200002848,0.0
1087,14170200002849,0.0
1088,14200203002852,-0.0
1089,14310200002863,0.0
123,04630105000463,-0.0
1091,00260300002889,0.0
1123,00740300002937,0.0
1124,00750300002938,0.0
1125,00760304002939,0.0
1126,00810304002944,-0.0
1127,00820300002945,0.0
1128,00830304002946,0.0
1129,00840304002947,0.0
122,04620105000462,-0.0
25625,04832200058619,-0.0
100,03860105000386,-0.0
1101,00430300002906,0.0
1102,00440300002907,0.0
1103,00450304002908,0.0
1104,00480300002911,0.0
1105,00500301002913,-0.0
1106,00510300002914,0.0
1139,01440304002988,-0.0
1140,01470304002991,0.0
1141,01480304002992,-0.0
1142,01490304002993,0.0
1143,01520304002996,0.0
1144,01530304002997,0.0
1145,01540304002998,0.0
1114,00620300002925,0.0
1115,00630300002926,0.0
1116,00640300002927,0.0
1117,00660305002929,0.0
99,03850104000385,-0.0
1119,00690305002932,-0.0
98,03840105000384,-0.0
1121,00720300002935,-0.0
1122,00730300002936,-0.0
1155,01680304003012,0.0
1156,01690305003013,0.0
1157,01700304003014,0.0
93,03650100000365,-0.0
1159,01720305003016,0.0
1160,02030300003047,-0.0
1161,02040300003048,0.0
1130,00850300002949,0.0
1131,00860305002950,0.0
1132,01080300002972,0.0
1133,01090300002973,0.0
1134,01100300002974,0.0
1135,01120301002976,-0.0
1136,01150300002979,0.0
1137,01160300002980,0.0
1138,01170300002981,0.0
1171,02210300003065,-0.0
1172,02220300003066,-0.0
1173,02250305003069,-0.0
1174,02320300003076,-0.0
1175,02330300003077,-0.0
1176,02340300003078,-0.0
1177,02370305003081,-0.0
1146,01550304002999,0.0
1147,01560300003000,0.0
1148,01570300003001,0.0
1149,01590300003003,-0.0
1150,01600300003004,0.0
1151,01610304003005,0.0
1152,01650300003009,-0.0
1153,01660305003010,-0.0
92,03620100000362,0.0
90,03600100000360,-0.0
1188,02800300003144,0.0
1189,02810300003145,0.0
1190,02820300003146,0.0
1191,02830300003147,0.0
1192,02840300003148,-0.0
1193,02850300003149,0.0
1162,02050300003049,-0.0
1163,02060305003050,-0.0
1164,02070305003051,0.0
1165,02080305003052,-0.0
1166,02110300003055,-0.0
1167,02150300003059,0.0
1168,02170300003061,0.0
1169,02190305003063,-0.0
1170,02200305003064,-0.0
1203,03110300003175,-0.0
1204,03120300003176,0.0
1205,03130300003177,0.0
1206,03510300003215,-0.0
120,04590100000459,0.0
1208,03540300003218,0.0
1209,03550300003219,0.0
1178,02420300003086,0.0
1179,02440300003088,0.0
1180,02450300003089,0.0
1181,02460300003090,-0.0
1182,02470300003091,0.0
1183,02480300003092,0.0
1184,02490300003093,0.0
1185,02500300003094,0.0
118,04570105000457,-0.0
1219,03650300003229,0.0
1220,03660300003230,0.0
1221,03670300003231,0.0
1222,03680300003232,0.0
1223,03690300003233,-0.0
1224,03700300003234,0.0
1225,03710300003235,-0.0
1194,02860300003150,-0.0
117,04560100000456,0.0
1196,03040300003168,0.0
1197,03050300003169,0.0
1198,03070300003170,0.0
1199,03060300003171,0.0
1200,03080300003172,0.0
1201,03090300003173,0.0
1202,03100300003174,0.0
1235,03880305003253,0.0
1236,03900305003254,0.0
1237,03910304003255,0.0
1238,03920305003256,0.0
1239,03930300003257,0.0
1240,03940305003258,0.0
1241,03950304003259,0.0
1210,03560300003220,0.0
1211,03570300003221,-0.0
1212,03580300003222,-0.0
1213,03590300003223,-0.0
1214,03600300003224,0.0
1215,03610300003225,0.0
1216,03620300003226,0.0
1217,03630300003227,0.0
1218,03640300003228,0.0
1250,04340300003298,0.0
1251,04350301003299,-0.0
1252,04360301003300,-0.0
1253,04370300003301,0.0
1254,04380300003302,-0.0
1255,04390304003303,0.0
1257,04460300003310,0.0
1226,03720300003236,0.0
1227,03730300003237,-0.0
1228,03740300003238,0.0
1229,03760300003240,-0.0
1230,03830305003247,0.0
1231,03840305003248,0.0
1232,03850304003249,0.0
1233,03860305003250,0.0
1234,03870300003251,0.0
1265,04550305003319,0.0
1266,04570305003321,0.0
1267,04580304003322,0.0
1268,04600305003324,0.0
1269,04620305003326,0.0
1270,04630305003327,0.0
1271,04740300003328,-0.0
1272,04760305003330,0.0
1273,04770304003331,0.0
1242,04100300003273,-0.0
1243,04110301003274,-0.0
1244,04130304003276,-0.0
1245,04050304003277,0.0
1247,04160305003280,-0.0
1248,04170304003281,0.0
1249,04330300003297,0.0
1281,04710304003340,0.0
1282,04720305003341,-0.0
1283,04730305003342,0.0
1284,04800305003344,-0.0
1285,04810305003345,0.0
1286,04820305003346,0.0
1287,04830300003347,0.0
1288,04840300003348,-0.0
116,04550105000455,-0.0
1258,04470304003311,0.0
1259,04480300003312,0.0
1260,04500300003314,0.0
1261,04510300003315,0.0
1262,04520305003316,0.0
1263,04530304003317,0.0
1264,04540305003318,0.0
1296,04950305003359,0.0
1297,04990305003363,0.0
1298,05000305003364,0.0
115,04540105000454,-0.0
1300,05020305003366,0.0
1301,05030304003367,0.0
1302,05040300003368,-0.0
1303,05060305003370,-0.0
1304,05070304003371,0.0
1305,05130300003377,-0.0
1275,04640305003333,0.0
1276,04650304003334,0.0
1277,04670305003336,0.0
1278,04680300003337,0.0
1279,04690304003338,0.0
1280,04700305003339,0.0
1312,05210305003385,-0.0
1313,05220304003386,0.0
1314,05250305003389,0.0
1315,05310300003390,-0.0
1316,05270305003392,-0.0
1317,05280304003393,0.0
1318,05300305003395,-0.0
1319,05320305003396,-0.0
1320,05430300003407,-0.0
1321,05440300003408,-0.0
111,04470104000447,-0.0
1291,04870300003351,0.0
1292,04880300003352,-0.0
1293,04890300003353,-0.0
1294,04900300003354,-0.0
1295,04940300003358,-0.0
1328,05550305003419,0.0
1329,05560300003420,-0.0
1330,05570304003422,0.0
1331,05590305003423,-0.0
1332,05600304003424,0.0
1333,05610304003425,0.0
1334,05660300003430,0.0
1335,05670300003431,0.0
1336,05680300003432,-0.0
1337,05700300003434,0.0
1306,05140305003378,-0.0
1307,05150304003379,0.0
1308,05160305003380,-0.0
110,04390104000439,-0.0
1310,05190305003383,-0.0
1311,05200304003384,0.0
1342,05760300003440,-0.0
1343,05770305003441,0.0
1344,05780305003442,0.0
1345,05790300003443,0.0
1346,05810305003445,-0.0
1347,05820304003446,0.0
1348,05850300003447,-0.0
1351,05870300003451,0.0
1352,05880300003452,0.0
1353,05890300003453,0.0
1322,05450300003409,-0.0
1323,05460305003410,-0.0
1324,05510300003415,0.0
1325,05520300003416,-0.0
1326,05530305003417,0.0
1327,05540304003418,0.0
1358,05940300003458,-0.0
1359,05950300003459,-0.0
1360,06060300003470,0.0
1361,06070300003471,-0.0
1362,06080300003472,0.0
1363,06120300003476,0.0
1364,06190300003483,-0.0
1365,06200300003484,-0.0
1366,06210300003485,-0.0
1367,06220300003486,-0.0
1368,06230300003487,0.0
1369,06240300003488,0.0
1338,05710300003435,0.0
1339,05730300003437,0.0
1340,05740300003438,-0.0
1341,05750300003439,-0.0
1374,06290300003493,0.0
1375,06300300003494,0.0
1376,06310300003495,-0.0
1377,06340300003498,0.0
109,04340100000434,-0.0
25639,11742200058638,0.0
1380,06370300003501,0.0
1381,06380300003502,-0.0
1382,06400300003504,-0.0
1383,06410300003505,0.0
1384,06420304003506,-0.0
1385,06460304003510,0.0
1354,05900300003454,0.0
1355,05910303003455,-0.0
1356,05920303003456,-0.0
1357,05930303003457,-0.0
1390,06570300003521,-0.0
1391,06580300003522,0.0
1392,06600305003524,0.0
1393,06680304003532,-0.0
1394,06770300003541,-0.0
1395,06780300003542,-0.0
1396,06790300003543,-0.0
1397,06800300003544,-0.0
1398,06860300003550,-0.0
1399,06870300003551,-0.0
1400,06880300003552,0.0
1401,06900305003554,0.0
1370,06250300003489,-0.0
1371,06260300003490,0.0
1372,06270300003491,0.0
1373,06280300003492,-0.0
1404,06940305003558,0.0
1406,06970300003561,0.0
1407,06980300003562,0.0
1408,06990304003563,0.0
1409,07000304003564,0.0
1410,07010300003565,-0.0
1411,07020300003566,-0.0
1412,07030300003567,-0.0
1413,07040300003568,-0.0
1414,07050300003569,0.0
1415,07060300003570,-0.0
1417,07080300003572,-0.0
1386,06530304003517,0.0
1387,06540301003518,0.0
1388,06550301003519,0.0
1389,06560301003520,0.0
1419,07100300003574,0.0
1420,07120304003576,0.0
1421,07130304003577,0.0
1422,07140300003578,-0.0
1423,07160300003580,0.0
1424,07170300003581,-0.0
1425,07180300003582,0.0
1427,07210300003585,-0.0
1428,07220300003586,-0.0
1429,07230300003587,-0.0
1430,07250300003589,0.0
1431,07260300003590,-0.0
1432,07270304003591,-0.0
1433,07280304003592,-0.0
1402,06910304003555,0.0
1403,06930300003557,0.0
1435,07310304003595,0.0
1436,07320304003596,0.0
1437,07330304003597,-0.0
1438,07340304003598,-0.0
1439,07350304003599,0.0
1440,07360300003600,0.0
1441,07370300003601,0.0
1442,07380303003602,-0.0
1443,07390303003603,0.0
1444,07400300003604,0.0
1445,07410301003605,0.0
1446,07420301003606,-0.0
1447,07430300003607,-0.0
1448,07440300003608,0.0
1449,07450300003609,-0.0
1418,07090300003573,-0.0
1451,07470300003611,-0.0
25638,11572200058636,-0.0
1453,07530300003617,0.0
1454,07550301003619,-0.0
1455,07560301003620,-0.0
1456,07570301003621,-0.0
1457,07580301003622,-0.0
1458,07590301003623,-0.0
1459,07600301003624,-0.0
1460,07610301003625,-0.0
1461,07620301003626,-0.0
1462,07630301003627,-0.0
1463,07800305003635,-0.0
25637,11562200058635,-0.0
1465,08150305003670,0.0
1434,07300304003594,0.0
1467,08380301003693,-0.0
1468,07690300003694,0.0
1469,07720305003697,0.0
1470,08720305003736,0.0
1471,08730305003737,0.0
1472,08740304003738,-0.0
1473,08760305003740,0.0
1474,08800300003744,-0.0
1475,08810304003745,-0.0
1476,08820304003746,-0.0
1477,08830304003747,-0.0
1478,08850304003749,0.0
1479,08860304003750,-0.0
1480,08870304003751,0.0
1481,08890304003753,0.0
1450,07460300003610,-0.0
1482,08900301003754,-0.0
1483,08910301003755,-0.0
1484,08920301003756,-0.0
1485,08930301003757,-0.0
1486,08940301003758,-0.0
1487,08960301003760,-0.0
1488,08980301003762,-0.0
1489,09000305003764,0.0
1490,09010304003765,-0.0
1491,09020300003766,0.0
1492,09030300003767,0.0
1493,09040300003768,0.0
25636,11552200058634,-0.0
1496,09090305003773,-0.0
1497,09110300003775,0.0
1466,08170305003672,0.0
25514,09713500058483,-0.0
25515,09723500058484,-0.0
25516,09743500058486,-0.0
25517,11523500058487,-0.0
25518,11533500058488,0.0
25519,11563500058491,-0.0
25520,11573500058492,-0.0
25521,11733500058493,-0.0
25522,11743500058494,0.0
25523,11753500058495,-0.0
25524,11763500058496,-0.0
25525,11773500058497,-0.0
25526,11783500058498,-0.0
25527,14073500058500,0.0
25528,14103500058503,-0.0
25529,14113500058504,-0.0
1498,09120300003776,0.0
1499,09130300003777,0.0
1500,09330300003781,-0.0
1501,09340300003782,-0.0
1502,09350300003783,-0.0
1503,09360305003784,-0.0
1504,09370305003785,-0.0
1505,09440300003792,0.0
1506,09450300003793,0.0
1507,09460300003794,0.0
1508,09470300003795,0.0
1509,09500300003798,-0.0
1510,09510300003799,0.0
1511,09520300003800,0.0
1512,09560300003804,-0.0
1513,09630305003811,-0.0
1514,09650305003813,0.0
1515,09660305003814,0.0
1516,09670301003815,0.0
1517,09170304003817,-0.0
1518,09690300003824,0.0
1519,09700300003825,0.0
1520,09710300003826,0.0
1521,09720300003827,0.0
1522,09730300003828,0.0
1523,09740300003829,-0.0
1524,09810300003830,-0.0
1525,09820300003831,-0.0
1526,09750300003832,-0.0
1527,09760301003833,-0.0
1528,09770300003834,-0.0
1529,09780301003835,-0.0
1530,09790300003836,-0.0
1531,09800301003837,-0.0
1532,09830300003838,-0.0
1533,09840300003839,-0.0
1534,09850300003840,0.0
1535,09860300003841,0.0
1536,09870300003842,0.0
1537,09880300003843,0.0
1538,09890300003844,0.0
1539,09900301003845,-0.0
1540,09920301003847,-0.0
1541,09930300003848,0.0
1542,09940301003849,-0.0
1543,09950300003850,-0.0
1544,09960300003851,-0.0
1545,09970300003852,-0.0
1546,09980300003853,-0.0
1547,09990300003854,-0.0
1548,10000300003855,-0.0
1549,10010300003856,0.0
1550,10020300003857,0.0
1551,10050300003860,0.0
1552,10060300003861,0.0
1553,10070300003862,-0.0
1554,10080300003863,-0.0
1555,10090300003864,-0.0
1556,10100300003865,-0.0
1557,10110300003866,0.0
1558,10120300003867,0.0
1559,10130300003868,-0.0
1560,10140301003869,-0.0
1561,10150300003870,-0.0
1562,10160301003871,-0.0
1563,10170300003872,-0.0
1564,10180301003873,-0.0
1565,10190300003874,-0.0
1566,10200300003875,0.0
1567,10220300003877,-0.0
1568,10230300003878,-0.0
1569,10240300003879,0.0
1570,10250300003880,0.0
1571,10260300003881,-0.0
1572,10270301003882,-0.0
1573,10280300003883,-0.0
1574,10290301003884,-0.0
1575,10300300003885,0.0
1576,10310301003886,-0.0
1577,10320300003887,-0.0
1606,11280305003992,-0.0
1607,11430300004007,-0.0
1608,11440300004008,0.0
1609,11450300004009,0.0
1578,10350301003890,-0.0
1579,10360300003891,0.0
1580,10370301003892,-0.0
1581,10380300003893,-0.0
1582,10390301003894,-0.0
1583,10420305003897,-0.0
1586,10450300003900,-0.0
1588,10470300003902,-0.0
25635,11542200058633,-0.0
1591,10500300003905,0.0
1592,09310305003914,-0.0
1593,09320305003915,-0.0
1622,11660300004030,0.0
1623,11680300004032,0.0
1624,11690305004033,0.0
25634,11532200058632,0.0
1594,10600300003921,0.0
1595,10610300003922,0.0
1596,10630300003924,0.0
1597,10870305003951,0.0
1598,10920302003956,-0.0
1599,10950300003959,0.0
1600,11020301003966,-0.0
1601,11030301003967,-0.0
1602,11040301003968,-0.0
1603,11050301003969,-0.0
1604,11120300003976,0.0
1605,11240300003988,0.0
1637,11930301004057,0.0
1638,11940300004058,-0.0
1639,11960300004060,-0.0
1640,11980300004062,0.0
1641,12010301004065,0.0
1610,11460300004010,0.0
1611,11470300004011,0.0
1612,11500301004014,-0.0
1614,11520300004016,0.0
1615,11530300004017,0.0
1616,11540300004018,0.0
1617,11550300004019,0.0
1618,11560300004020,0.0
1619,11590300004023,0.0
1620,11600304004024,-0.0
1621,11650300004029,0.0
1653,12280300004092,0.0
1654,12290305004093,0.0
1655,12300305004094,0.0
1656,12310300004095,0.0
1657,12330305004097,0.0
1626,11740300004038,0.0
1627,11760300004040,-0.0
1628,11770300004041,-0.0
1629,11780300004042,-0.0
1630,11820301004046,0.0
1631,11830300004047,0.0
1632,11840300004048,-0.0
1633,11870300004051,0.0
1634,11880300004052,0.0
1635,11890300004053,0.0
1636,11900300004054,-0.0
1669,12600300004124,0.0
1670,12640305004128,0.0
1671,12670300004131,0.0
1672,12680305004132,0.0
1673,12690300004133,-0.0
1642,12040300004068,-0.0
1643,12060300004070,0.0
1644,12110300004075,0.0
1645,12150302004079,-0.0
1646,12170302004081,-0.0
1647,12180300004082,0.0
1648,12190302004083,0.0
1649,12220305004086,0.0
1650,12230305004087,0.0
1651,12260300004090,-0.0
25633,11522200058631,-0.0
1684,12830300004147,-0.0
1685,12840300004148,-0.0
1686,12850300004149,-0.0
1687,12860300004150,-0.0
1688,12870300004151,-0.0
1689,12880300004152,-0.0
1658,12340304004098,0.0
1659,12350302004099,0.0
1660,12360300004100,-0.0
1661,12370300004101,-0.0
1662,12380300004102,-0.0
1663,12400300004104,0.0
1664,12450300004109,0.0
1665,12470300004111,0.0
1667,12520304004116,0.0
1668,12580300004122,0.0
1700,13320304004196,-0.0
1701,13330300004197,0.0
1702,13340304004198,0.0
1703,13350304004199,0.0
1704,13390305004203,0.0
1705,13400305004204,0.0
1674,12700300004134,-0.0
1675,12710300004135,-0.0
1676,12750300004139,0.0
1677,12760300004140,0.0
1678,12770300004141,-0.0
1679,12780300004142,-0.0
1680,12790300004143,-0.0
1681,12800300004144,-0.0
1682,12810300004145,-0.0
1683,12820300004146,-0.0
1716,13690300004233,-0.0
1717,13710300004235,-0.0
1718,13730300004237,0.0
1719,13740300004238,0.0
1720,13750300004239,0.0
1721,13760300004240,0.0
1690,12910305004155,0.0
1691,12920305004156,0.0
1692,12930304004157,0.0
1693,12980305004162,0.0
1694,12990300004163,0.0
1695,13000300004164,0.0
1696,13010305004165,0.0
1697,13270300004191,-0.0
1698,13280300004192,-0.0
1699,13290300004193,-0.0
1732,13900300004254,0.0
1733,13910300004255,0.0
1734,13920300004256,0.0
1735,13930300004257,0.0
1736,13980301004262,-0.0
1737,13990300004263,-0.0
1706,13410305004205,-0.0
1707,13430300004207,0.0
1708,13440300004208,0.0
1709,13620300004226,0.0
1710,13630300004227,0.0
1711,13640300004228,0.0
1712,13650300004229,0.0
1713,13660300004230,-0.0
1714,13670300004231,-0.0
1715,13680300004232,-0.0
1747,14150300004279,0.0
1749,14170300004281,-0.0
1750,14190305004283,0.0
1751,14200303004284,0.0
1752,14310300004295,0.0
1753,00020400004297,0.0
1722,13770300004241,0.0
1723,13780300004242,0.0
1724,13790300004243,0.0
1725,13810300004245,0.0
1726,13840300004248,0.0
1727,13850300004249,0.0
1728,13860300004250,0.0
1729,13870300004251,0.0
1730,13880300004252,0.0
1731,13890300004253,0.0
1763,00280400004323,0.0
1764,00290405004324,0.0
1765,00300400004325,0.0
1766,00310405004326,0.0
1767,00320400004327,0.0
1768,00330404004328,0.0
1769,00340400004329,-0.0
1738,14000300004264,-0.0
1739,14070300004271,0.0
25632,09742200058630,-0.0
1741,14090300004273,0.0
1742,14100300004274,-0.0
1743,14110300004275,-0.0
1744,14120300004276,-0.0
1745,14130300004277,0.0
1746,14140300004278,0.0
1779,00460400004341,0.0
1780,00470405004342,0.0
1781,00480400004343,-0.0
1782,00490405004344,0.0
1783,00500401004345,-0.0
1784,00540401004349,0.0
1785,00550401004350,0.0
1754,00030400004298,0.0
1755,00040400004299,0.0
1756,00050400004300,0.0
1757,00060400004301,0.0
1758,00070400004302,0.0
1759,00240400004319,-0.0
1760,00250405004320,0.0
1761,00260400004321,-0.0
1762,00270405004322,0.0
1795,00690405004364,-0.0
1796,00700405004365,0.0
1797,00790400004374,0.0
1798,00800400004375,0.0
1799,00810404004376,0.0
1800,00820400004377,-0.0
1801,00830404004378,-0.0
1770,00350405004330,0.0
1771,00360400004331,0.0
1772,00370405004332,0.0
1773,00380400004333,0.0
1774,00390404004334,0.0
1775,00400400004335,0.0
1776,00430400004338,0.0
1777,00440400004339,0.0
1778,00450404004340,0.0
1811,01190400004415,0.0
1812,01200405004416,0.0
1813,01440404004420,0.0
1814,01450400004421,0.0
1815,01460404004422,0.0
1816,01470404004423,0.0
1817,01480404004424,0.0
1786,00560400004351,-0.0
1787,00570400004352,0.0
1788,00580400004353,-0.0
1789,00600400004355,-0.0
1790,00610404004356,-0.0
1791,00640400004359,-0.0
1792,00660405004361,0.0
1793,00670404004362,0.0
1794,00680405004363,0.0
1826,01680404004444,0.0
1827,01710405004447,0.0
1828,01720405004448,-0.0
1829,01830401004459,0.0
1830,01840401004460,0.0
1831,02110400004487,0.0
1832,02130400004489,0.0
1833,02150400004491,0.0
1802,00840404004379,-0.0
25631,09732200058629,-0.0
1804,00880403004384,-0.0
1805,01010400004397,-0.0
1806,01080400004404,-0.0
1807,01090400004405,-0.0
1808,01100400004406,-0.0
1809,01120401004408,-0.0
1842,02370405004513,0.0
1843,02390400004515,0.0
1844,02420400004518,-0.0
1845,02430400004519,-0.0
1846,02440400004520,-0.0
1847,02450400004521,0.0
1848,02460400004522,0.0
1849,02470400004523,-0.0
1818,01490404004425,0.0
1819,01500404004426,0.0
1820,01510404004427,0.0
1821,01520404004428,0.0
1822,01530404004429,0.0
1823,01540404004430,0.0
1824,01610404004437,0.0
1825,01670404004443,0.0
1858,01310400004560,-0.0
1859,01320400004561,-0.0
1860,01330400004562,-0.0
1861,01340400004563,-0.0
1862,01360400004565,-0.0
1863,01370400004566,-0.0
1864,01390400004568,-0.0
1865,01400400004569,-0.0
1834,02170400004493,0.0
1835,02180405004494,-0.0
1836,02190405004495,0.0
1837,02200405004496,0.0
1838,02210400004497,0.0
1839,02240400004500,0.0
1840,02250405004501,0.0
1841,02340400004510,0.0
1874,02870400004583,-0.0
1875,02880405004584,0.0
1876,02900401004585,-0.0
1877,02910400004586,-0.0
1878,02920405004587,0.0
1879,02930405004588,0.0
1880,02890405004589,0.0
1881,02950400004591,-0.0
1850,02480400004524,0.0
1851,02500400004526,-0.0
1852,01240400004553,0.0
1853,01250400004554,-0.0
1854,01260400004555,-0.0
1855,01270400004556,-0.0
1856,01280400004557,-0.0
1857,01300400004559,-0.0
1890,03100400004606,0.0
1891,03110400004607,0.0
1892,03120400004608,0.0
1893,03130400004609,0.0
1894,03510400004647,0.0
1895,03520400004648,0.0
1896,03530400004649,0.0
1897,03540400004650,-0.0
1866,01410400004570,-0.0
1867,01420400004571,-0.0
1868,01430400004572,0.0
1869,02770404004573,0.0
1870,02790405004575,-0.0
1871,02840400004580,0.0
1872,02850400004581,0.0
1873,02860400004582,0.0
1905,03620400004658,0.0
1906,03630400004659,0.0
1907,03650400004661,-0.0
1908,03690400004665,0.0
1909,03710400004667,-0.0
1910,03730400004669,0.0
1911,03760400004672,-0.0
1912,03830405004679,0.0
1913,03840405004680,0.0
1882,02960400004592,0.0
1884,03040400004600,0.0
1885,03050400004601,0.0
1886,03070400004602,-0.0
1887,03060400004603,0.0
1888,03080400004604,0.0
1889,03090400004605,0.0
1921,03930400004689,0.0
1922,03940405004690,0.0
1923,03950404004691,0.0
1924,03960400004692,-0.0
1925,03970405004693,0.0
1926,03990405004695,0.0
1927,04000405004696,0.0
1928,04010404004697,0.0
1929,04020400004698,-0.0
1898,03550400004651,-0.0
1899,03560400004652,-0.0
1900,03570400004653,0.0
1901,03580400004654,0.0
1902,03590400004655,0.0
1903,03600400004656,0.0
1904,03610400004657,0.0
1937,04150400004711,-0.0
1938,04160405004712,0.0
1939,04170404004713,0.0
1940,04350401004731,0.0
1941,04360401004732,0.0
1942,04390404004735,0.0
1943,04410405004737,0.0
1944,04420400004738,-0.0
1945,04430405004739,-0.0
1914,03850404004681,0.0
1915,03860405004682,0.0
1916,03870400004683,0.0
1917,03880405004685,0.0
1918,03900405004686,0.0
1919,03910404004687,0.0
1920,03920405004688,0.0
1953,04550405004751,0.0
1954,04560400004752,0.0
1955,04570405004753,0.0
1956,04580404004754,0.0
1957,04590400004755,0.0
1958,04600405004756,0.0
1959,04620405004758,0.0
1960,04630405004759,0.0
1961,04740400004760,0.0
1930,04030400004699,0.0
1931,04040400004700,0.0
1932,04110401004706,-0.0
1933,04120400004707,0.0
1934,04130404004708,0.0
1935,04050404004709,0.0
1936,04140400004710,-0.0
1969,04700405004771,0.0
1970,04710404004772,0.0
1971,04720405004773,0.0
1972,04730405004774,0.0
1973,04800405004776,0.0
1974,04810405004777,0.0
1975,04820405004778,0.0
1976,04840400004780,0.0
1977,04850400004781,-0.0
1946,04450405004741,0.0
1947,04460400004742,-0.0
1948,04470404004743,-0.0
1949,04480400004744,0.0
1950,04520405004748,0.0
1951,04530404004749,0.0
1952,04540405004750,0.0
1985,04960404004792,0.0
1986,04970400004793,0.0
1987,04990405004795,0.0
1988,05000405004796,0.0
1989,05010400004797,0.0
1990,05020405004798,0.0
1991,05030404004799,0.0
1992,05040400004800,0.0
1993,05060405004802,0.0
1962,04760405004762,0.0
1963,04770404004763,0.0
1964,04640405004765,0.0
1965,04650404004766,0.0
1966,04660400004767,-0.0
1967,04670405004768,0.0
1968,04690404004770,0.0
2001,05170400004813,0.0
2002,05180400004814,0.0
2003,05190405004815,0.0
2004,05200404004816,0.0
2005,05210405004817,0.0
2006,05220404004818,0.0
2007,05310400004822,-0.0
2008,05260400004823,-0.0
2009,05270405004824,0.0
1978,04860400004782,-0.0
1979,04870400004783,-0.0
1980,04880400004784,-0.0
25630,09702200058626,0.0
1982,04900400004786,0.0
1983,04940400004790,-0.0
1984,04950405004791,0.0
2017,05470400004843,-0.0
2018,05490405004845,-0.0
2019,05500400004846,0.0
2020,05510400004847,0.0
2021,05520400004848,0.0
2022,05530405004849,0.0
2023,05540404004850,0.0
2024,05550405004851,0.0
2025,05560400004852,0.0
1994,05070404004803,0.0
1995,05080400004804,0.0
1996,05090405004805,0.0
1997,05130400004809,-0.0
1998,05140405004810,0.0
1999,05150404004811,0.0
2000,05160405004812,0.0
2033,05780405004874,0.0
2034,05790400004875,0.0
2035,05800400004876,-0.0
2036,05810405004877,0.0
2037,05820404004878,0.0
25629,04872200058623,-0.0
2039,05840400004881,0.0
25628,04862200058622,-0.0
2041,05940400004890,-0.0
2010,05280404004825,0.0
2011,05290400004826,-0.0
2012,05300405004827,0.0
2013,05320405004828,0.0
2014,05420405004838,0.0
2015,05450400004841,0.0
2016,05460405004842,0.0
2049,06120400004908,0.0
2050,06170400004913,0.0
2051,06190400004915,-0.0
2052,06230400004919,0.0
2053,06250400004921,0.0
2054,06260400004922,-0.0
2055,06280400004924,-0.0
2056,06290400004925,0.0
2057,06310400004927,0.0
2026,05570404004854,0.0
2027,05590405004855,0.0
2028,05600404004856,0.0
2029,05610404004857,0.0
2030,05650400004861,-0.0
2031,05740400004870,0.0
2032,05770405004873,0.0
2065,06570400004953,-0.0
2066,06580400004954,0.0
2067,06600405004956,0.0
2068,06680404004964,0.0
2069,06770400004973,-0.0
2070,06880400004984,0.0
2071,06890400004985,-0.0
2072,06900405004986,0.0
2073,06910404004987,0.0
2042,05950400004891,0.0
2043,05960405004892,0.0
2044,05970400004893,0.0
2045,06030400004899,-0.0
2046,06040400004900,0.0
2047,06050400004901,0.0
2048,06060400004902,0.0
2081,07010400004997,0.0
2082,07020400004998,-0.0
2083,07030400004999,-0.0
2084,07040400005000,-0.0
2085,07050400005001,0.0
2086,07060400005002,-0.0
2087,07070400005003,-0.0
2088,07080400005004,-0.0
2089,07090400005005,-0.0
2058,06410400004937,0.0
2059,06420404004938,0.0
2060,06460404004942,0.0
2061,06520400004948,-0.0
2062,06540401004950,0.0
2063,06550401004951,0.0
2064,06560401004952,0.0
2097,07180400005014,0.0
2098,07190400005015,0.0
2099,07200400005016,-0.0
25627,04852200058621,-0.0
2101,07220400005018,0.0
2102,07230400005019,0.0
25626,04842200058620,0.0
2104,07250400005021,0.0
2105,07260400005022,0.0
2074,06930400004989,0.0
2075,06940405004990,0.0
2076,06950400004991,-0.0
2077,06970400004993,0.0
2078,06980400004994,-0.0
2079,06990404004995,0.0
2080,07000404004996,0.0
2113,07340404005030,0.0
2114,07350404005031,0.0
2115,07360400005032,-0.0
2116,07370400005033,-0.0
2117,07380403005034,0.0
2118,07390403005035,0.0
2119,07410401005037,0.0
2120,07420401005038,0.0
2121,07430400005039,0.0
2090,07110400005007,-0.0
2091,07120404005008,0.0
2092,07130404005009,0.0
2093,07140400005010,-0.0
2094,07150400005011,0.0
2095,07160400005012,-0.0
2096,07170400005013,0.0
2129,07560401005052,-0.0
2130,07570401005053,-0.0
2131,07580401005054,-0.0
2132,07590401005055,-0.0
2133,07600401005056,-0.0
2134,07610401005057,-0.0
2135,07620401005058,-0.0
2136,07630401005059,-0.0
2137,07660400005062,0.0
2106,07270404005023,0.0
2107,07280404005024,0.0
2108,07290404005025,0.0
2109,07300404005026,0.0
2110,07310404005027,0.0
2111,07320404005028,-0.0
2112,07330404005029,0.0
2145,07880403005075,-0.0
2146,07890403005076,-0.0
2147,07900403005077,-0.0
2148,07910403005078,-0.0
104,04110101000410,0.0
2150,07970403005084,-0.0
2151,07980403005085,-0.0
2152,08000403005087,-0.0
2153,08030403005090,0.0
2122,07440400005040,0.0
2123,07450400005041,-0.0
2124,07460400005042,-0.0
2125,07470400005043,-0.0
2126,07520400005048,-0.0
2127,07530400005049,-0.0
2128,07550401005051,-0.0
2160,08160405005103,-0.0
2161,08170405005104,-0.0
2162,08240405005105,-0.0
2163,08190405005107,-0.0
2164,08210405005109,-0.0
2165,08250405005110,-0.0
2166,08260405005111,-0.0
2167,08230405005113,-0.0
2168,08280405005115,-0.0
2169,08290400005116,-0.0
2138,07670405005063,0.0
2139,07780400005065,-0.0
2140,07790405005066,-0.0
2141,07800405005067,-0.0
2142,07810403005068,0.0
2143,07820403005069,0.0
2176,07750400005132,-0.0
2177,07760400005133,-0.0
2178,07770404005134,-0.0
2179,08400404005136,-0.0
2180,08410404005137,-0.0
2181,08450403005141,-0.0
2182,08530403005149,-0.0
2183,08660403005162,-0.0
2184,08690405005165,0.0
2185,08700405005166,-0.0
2154,08090403005096,-0.0
2155,08100403005097,-0.0
2156,08110403005098,-0.0
2157,08120403005099,0.0
2158,08130403005100,-0.0
2159,08150405005102,-0.0
2192,08800400005176,0.0
2193,08810404005177,0.0
2194,08820404005178,0.0
2195,08830404005179,0.0
2196,08840404005180,0.0
2197,08850404005181,-0.0
2198,08860404005182,-0.0
2199,08870404005183,-0.0
2200,08880404005184,-0.0
2201,08890404005185,-0.0
2170,08300405005117,-0.0
2171,08360400005123,0.0
2172,08370405005124,0.0
2173,08380401005125,-0.0
2174,07740400005130,0.0
2175,07730400005131,-0.0
2208,08960401005192,0.0
2209,08980401005194,0.0
2210,09010404005197,-0.0
2211,09020400005198,0.0
2212,09050400005201,0.0
2213,09060405005202,-0.0
2214,09080400005204,-0.0
2215,09090405005205,-0.0
2216,09110400005207,-0.0
2217,09120400005208,-0.0
2186,08710404005167,-0.0
2187,08720405005168,-0.0
2188,08730405005169,-0.0
2189,08750405005171,0.0
2190,08760405005172,0.0
2191,08790400005175,0.0
2224,09410400005221,-0.0
2225,09420400005222,-0.0
2226,09430400005223,0.0
2227,09440400005224,-0.0
2228,09450400005225,-0.0
2229,09460400005226,-0.0
2230,09470400005227,-0.0
2231,09480400005228,-0.0
2232,09490400005229,-0.0
2233,09500400005230,-0.0
2202,08900401005186,0.0
2203,08910401005187,0.0
2204,08920401005188,-0.0
2205,08930401005189,0.0
2206,08940401005190,0.0
2207,08950400005191,0.0
2240,09660405005246,-0.0
2241,09670401005247,-0.0
2242,09700400005257,0.0
2243,09710400005258,-0.0
2244,09730400005260,-0.0
2245,09740400005261,-0.0
2246,09810400005262,0.0
2247,09820400005263,0.0
2248,09750400005264,0.0
2249,09770400005266,0.0
2218,09130400005209,-0.0
2219,09360405005216,-0.0
2220,09370405005217,0.0
2221,09380400005218,0.0
2222,09390400005219,0.0
2223,09400400005220,0.0
2256,09880400005275,0.0
2257,09890400005276,-0.0
2258,09900401005277,-0.0
2259,09910400005278,-0.0
2260,09920401005279,-0.0
2261,09930400005280,-0.0
2262,09940401005281,-0.0
2263,09970400005284,0.0
2264,09980400005285,0.0
2265,09990400005286,-0.0
2234,09510400005231,-0.0
2235,09520400005232,-0.0
2236,09560400005236,-0.0
2237,09630405005243,-0.0
2238,09640400005244,0.0
2239,09650405005245,-0.0
2272,10060400005293,-0.0
2273,10070400005294,-0.0
2274,10080400005295,-0.0
2275,10090400005296,-0.0
2276,10100400005297,-0.0
2277,10110400005298,-0.0
2278,10120400005299,-0.0
2279,10130400005300,-0.0
2280,10140401005301,-0.0
2281,10150400005302,-0.0
2250,09790400005268,0.0
2251,09830400005270,0.0
2252,09840400005271,0.0
2253,09850400005272,0.0
2254,09860400005273,0.0
2255,09870400005274,0.0
2288,10220400005309,-0.0
2289,10230400005310,-0.0
2290,10240400005311,-0.0
2291,10250400005312,-0.0
2292,10260400005313,-0.0
2293,10270401005314,-0.0
2294,10280400005315,-0.0
2295,10290401005316,-0.0
2296,10300400005317,-0.0
2297,10310401005318,-0.0
2266,10000400005287,-0.0
2267,10010400005288,-0.0
2268,10020400005289,-0.0
2269,10030400005290,-0.0
2270,10040400005291,-0.0
2271,10050400005292,-0.0
2304,09250405005342,-0.0
2305,09280405005343,-0.0
2306,09310405005346,-0.0
2307,09320405005347,-0.0
2308,10600400005353,0.0
2309,10610400005354,-0.0
2310,10620400005355,0.0
2311,10630400005356,-0.0
2312,10680400005364,-0.0
2313,10770400005373,0.0
2282,10160401005303,-0.0
2283,10170400005304,-0.0
2284,10180401005305,-0.0
2285,10190400005306,-0.0
2286,10200400005307,-0.0
2287,10210400005308,-0.0
2320,11050401005401,-0.0
2321,11240400005420,-0.0
2322,11300400005425,0.0
2323,11290400005426,0.0
2324,11430400005439,-0.0
2325,11460400005442,-0.0
2326,11490400005445,-0.0
2327,11500401005446,-0.0
2328,11510401005447,-0.0
2329,11520400005448,-0.0
2298,10320400005319,-0.0
2299,10350401005322,-0.0
2300,10360400005323,-0.0
2301,10370401005324,-0.0
2302,10380400005325,0.0
2303,10390401005326,-0.0
2336,11600404005456,0.0
2337,11680400005464,-0.0
2338,11690405005465,-0.0
2339,11700400005466,0.0
2340,11710400005467,0.0
2341,11730400005469,-0.0
2342,11740400005470,0.0
2343,11750400005471,-0.0
2344,11760400005472,-0.0
2345,11770400005473,-0.0
2314,10800400005376,0.0
2315,10970405005393,-0.0
2316,10980405005394,-0.0
2317,11020401005398,0.0
2318,11030401005399,0.0
2319,11040401005400,0.0
2352,12020400005498,-0.0
2353,12040400005500,-0.0
2354,12070400005503,-0.0
2355,12080401005504,-0.0
2356,12090400005505,-0.0
2357,12100400005506,-0.0
2358,12110400005507,-0.0
2359,12150402005511,-0.0
2360,12170402005513,0.0
2361,12180400005514,-0.0
2330,11530400005449,0.0
2331,11540400005450,0.0
2332,11550400005451,-0.0
2333,11560400005452,-0.0
2334,11570400005453,-0.0
2335,11590400005455,0.0
2368,12290405005525,-0.0
2369,12300405005526,-0.0
2370,12310400005527,0.0
2371,12320400005528,0.0
2372,12330405005529,-0.0
2373,12340404005530,-0.0
2374,12350402005531,-0.0
2375,12360400005532,-0.0
2376,12370400005533,-0.0
2377,12380400005534,0.0
2346,11780400005474,0.0
2347,11820401005478,0.0
2348,11830400005479,0.0
2349,11840400005480,-0.0
2350,11990400005495,-0.0
2351,12010401005497,0.0
2384,12490400005545,-0.0
2385,12500400005546,-0.0
2386,12580400005554,-0.0
2387,12600400005556,-0.0
103,04040100000404,-0.0
2389,12640405005560,0.0
2390,12670400005563,0.0
2391,12680405005564,0.0
2392,12690400005565,-0.0
2393,12700400005566,-0.0
2362,12190402005515,-0.0
2363,12220405005518,-0.0
2364,12230405005519,0.0
2365,12260400005522,0.0
2366,12270400005523,0.0
2367,12280400005524,0.0
2400,12790400005575,-0.0
2401,12800400005576,-0.0
2402,12810400005577,-0.0
2403,12820400005578,-0.0
2404,12830400005579,-0.0
2405,12840400005580,-0.0
2406,12850400005581,-0.0
2407,12860400005582,-0.0
2408,12870400005583,-0.0
2409,12880400005584,-0.0
2378,12390400005535,0.0
2379,12400400005536,0.0
2380,12410400005537,0.0
2381,12430400005539,0.0
2382,12470400005543,0.0
2383,12480400005544,-0.0
2416,12980405005594,0.0
2417,12990400005595,-0.0
2418,13000400005596,0.0
2419,13010405005597,-0.0
2420,13020400005598,-0.0
2421,13030405005599,-0.0
2422,13270400005623,0.0
2423,13280400005624,0.0
2424,13290400005625,0.0
2425,13310400005626,0.0
2394,12710400005567,-0.0
2395,12720404005568,0.0
2396,12750400005571,0.0
2397,12760400005572,0.0
2398,12770400005573,-0.0
2399,12780400005574,-0.0
2432,13380400005634,0.0
2433,13390405005635,-0.0
2434,13400405005636,-0.0
2435,13410405005637,-0.0
2436,13430400005639,0.0
2437,13640400005660,-0.0
2438,13650400005661,0.0
2439,13660400005662,-0.0
2440,13670400005663,-0.0
2441,13690400005665,-0.0
2410,12900400005586,-0.0
2411,12910405005587,0.0
2412,12920405005588,-0.0
2413,12930404005589,-0.0
2414,12960400005592,0.0
2415,12970400005593,0.0
2448,13900400005686,-0.0
2449,13920400005688,-0.0
2450,13980401005694,0.0
2451,13990400005695,0.0
2452,14000400005696,0.0
2453,14020405005698,-0.0
2454,14050400005701,-0.0
2455,14060400005702,-0.0
2456,14070400005703,0.0
2457,14080400005704,-0.0
2426,13300400005627,0.0
2427,13320404005628,0.0
2428,13330400005629,0.0
2429,13340404005630,0.0
2430,13350404005631,0.0
2431,13360400005632,0.0
2464,14150400005711,-0.0
2465,14160400005712,0.0
2466,14170400005713,-0.0
2467,14200403005716,0.0
2468,14310400005727,0.0
2469,14320401005728,0.0
2470,00250505005752,0.0
2471,00270505005754,0.0
2472,00280500005755,0.0
2473,00290505005756,0.0
2442,13700400005666,0.0
2443,13710400005667,0.0
2444,13820400005678,0.0
2445,13840400005680,0.0
2446,13860400005682,0.0
2447,13880400005684,0.0
2480,00360500005763,-0.0
2481,00370505005764,0.0
2482,00380500005765,0.0
2483,00390504005766,0.0
2484,00400500005767,0.0
2485,00430500005770,0.0
2486,00440500005771,-0.0
2487,00460500005773,0.0
2488,00480500005775,-0.0
2489,00500501005777,0.0
2458,14090400005705,-0.0
2459,14100400005706,-0.0
2460,14110400005707,-0.0
2461,14120400005708,0.0
2462,14130400005709,-0.0
2463,14140400005710,0.0
2496,00580500005785,-0.0
2497,00600500005787,-0.0
2498,00610504005788,-0.0
2499,00620500005789,-0.0
2500,00630500005790,-0.0
2501,00640500005791,-0.0
2502,00660505005793,-0.0
2503,00670504005794,0.0
2504,00680505005795,0.0
2505,00690505005796,-0.0
2474,00300500005757,0.0
2475,00310505005758,0.0
2476,00320500005759,-0.0
2477,00330504005760,-0.0
2478,00340500005761,0.0
2479,00350505005762,0.0
2511,00760504005803,0.0
2512,00790500005806,0.0
2513,00810504005808,0.0
2514,00830504005810,-0.0
2516,00850500005813,-0.0
2517,00860505005814,-0.0
2518,00880503005816,0.0
2519,01080500005836,-0.0
2520,01090500005837,-0.0
2521,01100500005838,-0.0
2490,00510500005778,-0.0
2491,00520500005779,0.0
2492,00530500005780,-0.0
2493,00550501005782,0.0
2494,00560500005783,-0.0
2495,00570500005784,-0.0
2527,01450500005853,-0.0
2528,01460504005854,-0.0
2529,01470504005855,-0.0
2530,01490504005857,-0.0
2531,01500504005858,0.0
2532,01510504005859,-0.0
2533,01520504005860,0.0
2534,01530504005861,-0.0
2535,01550504005863,-0.0
2536,01560500005864,0.0
2537,01570500005865,0.0
2506,00700505005797,0.0
2507,00720500005799,-0.0
2508,00730500005800,-0.0
2509,00740500005801,-0.0
2510,00750500005802,0.0
2543,01660505005874,0.0
2544,01690505005877,-0.0
2545,01700504005878,-0.0
2546,01710505005879,0.0
2547,01720505005880,0.0
2548,02030500005911,-0.0
2549,02060505005914,-0.0
2550,02070505005915,-0.0
2551,02080505005916,-0.0
2552,02170500005925,-0.0
2553,02190505005927,0.0
2522,01120501005840,0.0
2523,01150500005843,0.0
2524,01160500005844,0.0
2525,01170500005845,0.0
2526,01440504005852,-0.0
2559,02330500005941,0.0
2560,02340500005942,0.0
2561,02370505005945,0.0
2562,02390500005947,0.0
2563,02420500005950,-0.0
2564,02430500005951,-0.0
2565,02440500005952,-0.0
2566,02450500005953,-0.0
2567,02460500005954,0.0
2568,02470500005955,0.0
2569,02480500005956,-0.0
2538,01580500005866,0.0
2539,01590500005867,0.0
2540,01600500005868,0.0
2541,01610504005869,-0.0
2542,01650500005873,-0.0
2574,02840500006012,0.0
2575,02850500006013,0.0
2576,02860500006014,0.0
2578,03020505006030,0.0
2579,03040500006032,-0.0
2580,03050500006033,-0.0
2581,03070500006034,0.0
2582,03060500006035,0.0
2583,03080500006036,0.0
2584,03090500006037,0.0
2585,03100500006038,0.0
2554,02200505005928,0.0
2555,02210500005929,0.0
2556,02220500005930,0.0
2557,02240500005932,-0.0
2558,02250505005933,0.0
2590,03540500006082,-0.0
2591,03550500006083,-0.0
2592,03560500006084,-0.0
2593,03570500006085,-0.0
2594,03580500006086,-0.0
2595,03590500006087,-0.0
2596,03600500006088,0.0
2597,03610500006089,0.0
2598,03620500006090,0.0
2599,03630500006091,0.0
2600,03640500006092,0.0
2601,03650500006093,-0.0
2570,02490500005957,-0.0
2571,02500500005958,-0.0
2572,02780500006006,-0.0
2573,02790505006007,-0.0
2606,03720500006100,-0.0
2607,03730500006101,-0.0
2608,03740500006102,-0.0
2609,03760500006104,-0.0
2610,03820500006110,0.0
2611,03830505006111,0.0
2612,03840505006112,0.0
2613,03850504006113,0.0
2614,03860505006114,0.0
2615,03870500006115,0.0
2616,03880505006117,0.0
2617,03900505006118,0.0
2586,03110500006039,-0.0
2587,03120500006040,0.0
2588,03130500006041,0.0
2589,03510500006079,-0.0
2622,03950504006123,0.0
2623,04100500006137,0.0
2624,04120500006139,-0.0
2625,04130504006140,-0.0
2626,04050504006141,0.0
2627,04140500006142,-0.0
2628,04160505006144,0.0
2629,04170504006145,0.0
2630,04330500006161,0.0
2631,04340500006162,0.0
2632,04350501006163,0.0
2633,04360501006164,0.0
2602,03660500006094,-0.0
2603,03670500006095,0.0
2604,03680500006096,0.0
2605,03710500006099,-0.0
2638,04420500006170,0.0
2639,04440500006172,0.0
2640,04460500006174,0.0
2641,04470504006175,0.0
2642,04480500006176,-0.0
2643,04500500006178,0.0
2644,04510500006179,-0.0
2645,04520505006180,0.0
2646,04530504006181,0.0
2647,04540505006182,0.0
2648,04550505006183,0.0
2649,04570505006185,0.0
2618,03910504006119,0.0
2619,03920505006120,0.0
2620,03930500006121,0.0
2621,03940505006122,0.0
2654,04740500006192,0.0
2655,04760505006194,0.0
2656,04770504006195,0.0
2657,04780505006196,-0.0
2658,04640505006197,0.0
2659,04650504006198,0.0
2660,04670505006200,0.0
2661,04690504006202,0.0
2662,04700505006203,0.0
2663,04710504006204,0.0
2664,04720505006205,0.0
2665,04730505006206,0.0
2634,04370500006165,0.0
2635,04380500006166,0.0
2636,04390504006167,0.0
2637,04410505006169,0.0
2670,04830500006211,-0.0
2671,04840500006212,0.0
2672,04850500006213,-0.0
2673,04860500006214,-0.0
2674,04870500006215,-0.0
2675,04880500006216,0.0
2676,04890500006217,-0.0
2677,04900500006218,-0.0
2678,04940500006222,0.0
2679,04950505006223,0.0
2680,04970500006225,-0.0
2681,04990505006227,0.0
2650,04580504006186,0.0
2651,04600505006188,0.0
2652,04620505006190,0.0
2653,04630505006191,0.0
2686,05040500006232,0.0
2687,05060505006234,0.0
2688,05070504006235,0.0
2689,05130500006241,-0.0
2690,05140505006242,0.0
2691,05150504006243,0.0
2692,05160505006244,0.0
2693,05170500006245,-0.0
2694,05180500006246,-0.0
2695,05190505006247,0.0
2696,05200504006248,0.0
2697,05210505006249,0.0
2666,04790500006207,0.0
2667,04800505006208,0.0
2668,04810505006209,0.0
2669,04820505006210,0.0
2702,05280504006257,0.0
2703,05300505006259,0.0
2704,05320505006260,0.0
2705,05430500006271,-0.0
2706,05440500006272,-0.0
2707,05450500006273,0.0
2708,05460505006274,0.0
2709,05500500006278,0.0
2710,05510500006279,0.0
2711,05520500006280,0.0
2712,05530505006281,0.0
2713,05540504006282,0.0
2682,05000505006228,0.0
2683,05010500006229,0.0
2684,05020505006230,0.0
2685,05030504006231,0.0
2718,05600504006288,0.0
2719,05610504006289,0.0
2720,05620501006290,0.0
2721,05630501006291,0.0
2722,05640501006292,0.0
2723,05660500006294,-0.0
2724,05670500006295,0.0
2725,05680500006296,-0.0
2726,05690500006297,-0.0
2727,05700500006298,-0.0
2728,05710500006299,-0.0
2729,05720500006300,0.0
2698,05220504006250,0.0
2699,05250505006253,-0.0
2700,05310500006254,-0.0
2701,05270505006256,0.0
2734,05790500006307,-0.0
2735,05800500006308,-0.0
2736,05810505006309,0.0
2737,05820504006310,0.0
2738,05830500006312,-0.0
2739,05840500006313,-0.0
2740,05870500006315,-0.0
2741,05890500006317,0.0
2742,05920503006320,-0.0
2743,05930503006321,-0.0
2744,05940500006322,-0.0
2745,05950500006323,-0.0
2714,05550505006283,0.0
2715,05560500006284,0.0
2716,05570504006286,0.0
2717,05590505006287,0.0
2750,06070500006335,-0.0
2751,06080500006336,-0.0
2752,06110500006339,0.0
2753,06120500006340,0.0
2754,06170500006345,-0.0
2755,06180500006346,-0.0
2756,06190500006347,-0.0
2757,06200500006348,-0.0
2758,06210500006349,-0.0
2759,06220500006350,-0.0
2760,06230500006351,0.0
2761,06240500006352,0.0
2730,05730500006301,0.0
2731,05740500006302,0.0
2732,05750500006303,0.0
2733,05760500006304,0.0
2766,06290500006357,0.0
2767,06300500006358,0.0
2768,06310500006359,0.0
2769,06320500006360,0.0
2770,06330500006361,0.0
2771,06340500006362,-0.0
2772,06350500006363,0.0
2773,06360500006364,0.0
2774,06370500006365,0.0
2775,06380500006366,-0.0
2776,06390500006367,-0.0
2777,06400500006368,-0.0
2746,05960505006324,-0.0
2747,06040500006332,0.0
2748,06050500006333,0.0
2749,06060500006334,0.0
2782,06540501006382,0.0
2783,06550501006383,0.0
2784,06560501006384,0.0
2785,06570500006385,-0.0
2786,06580500006386,0.0
2787,06680504006396,-0.0
2788,06770500006405,-0.0
2789,06860500006414,-0.0
2790,06870500006415,-0.0
2791,06880500006416,-0.0
2792,06900505006418,0.0
2793,06910504006419,0.0
2762,06250500006353,0.0
2763,06260500006354,0.0
2764,06270500006355,0.0
2765,06280500006356,0.0
2798,07010500006429,0.0
2799,07020500006430,0.0
2800,07030500006431,-0.0
2801,07040500006432,0.0
2802,07050500006433,0.0
2803,07060500006434,0.0
2804,07070500006435,-0.0
2805,07080500006436,0.0
2806,07090500006437,0.0
2807,07100500006438,0.0
2808,07120504006440,0.0
2809,07130504006441,0.0
2778,06410500006369,0.0
2779,06420504006370,0.0
2780,06440504006372,-0.0
2781,06530504006381,-0.0
2814,07180500006446,0.0
2815,07190500006447,0.0
2816,07200500006448,0.0
2817,07210500006449,0.0
2818,07230500006451,0.0
2819,07250500006453,-0.0
2820,07260500006454,-0.0
2821,07270504006455,-0.0
2822,07280504006456,-0.0
2823,07290504006457,-0.0
2824,07300504006458,0.0
2825,07310504006459,-0.0
2794,06950500006423,-0.0
2795,06980500006426,0.0
2796,06990504006427,0.0
2797,07000504006428,0.0
2830,07370500006465,-0.0
2831,07380503006466,0.0
2832,07390503006467,0.0
2833,07410501006469,0.0
2834,07420501006470,0.0
2835,07430500006471,-0.0
2836,07440500006472,-0.0
2837,07450500006473,-0.0
2838,07460500006474,-0.0
2839,07470500006475,-0.0
2840,07510500006479,-0.0
2841,07520500006480,-0.0
2810,07140500006442,0.0
2811,07150500006443,0.0
2812,07160500006444,-0.0
2813,07170500006445,0.0
2846,07580501006486,-0.0
2847,07590501006487,-0.0
2848,07600501006488,-0.0
2849,07610501006489,-0.0
2850,07620501006490,-0.0
2851,07630501006491,-0.0
2852,07680500006496,-0.0
2853,07780500006497,-0.0
2854,07790505006498,-0.0
2855,07800505006499,-0.0
2856,08140505006533,0.0
2857,08150505006534,0.0
2826,07330504006461,0.0
2827,07340504006462,-0.0
2828,07350504006463,-0.0
2829,07360500006464,-0.0
2862,08360500006555,-0.0
2863,08370505006556,-0.0
2864,08380501006557,-0.0
2865,07700505006559,0.0
2866,07720505006561,0.0
2867,08720505006600,0.0
2868,08730505006601,0.0
2869,08740504006602,-0.0
2870,08760505006604,-0.0
2871,08820504006610,-0.0
2872,08830504006611,-0.0
2873,08840504006612,-0.0
2842,07530500006481,-0.0
2843,07550501006483,-0.0
2844,07560501006484,-0.0
2845,07570501006485,-0.0
2878,08920501006620,-0.0
2879,08930501006621,-0.0
2880,08940501006622,-0.0
2881,08950500006623,-0.0
2882,08960501006624,-0.0
2883,08980501006626,-0.0
2884,09000505006628,0.0
2885,09010504006629,-0.0
2886,09020500006630,0.0
2887,09030500006631,-0.0
2888,09040500006632,-0.0
2889,09060505006634,0.0
2858,08170505006536,-0.0
2859,08280505006547,0.0
2860,08290500006548,0.0
2861,08300505006549,0.0
2894,09330500006645,0.0
2895,09340500006646,0.0
2896,09350500006647,0.0
2897,09360505006648,-0.0
2898,09370505006649,-0.0
2899,09440500006656,0.0
2900,09450500006657,0.0
2901,09460500006658,0.0
2902,09470500006659,0.0
2903,09500500006662,0.0
2904,09560500006668,0.0
2905,09630505006675,-0.0
2874,08870504006615,-0.0
2875,08890504006617,0.0
2876,08900501006618,-0.0
2877,08910501006619,-0.0
2910,09170504006681,-0.0
2911,09690500006688,-0.0
2912,09700500006689,0.0
2913,09710500006690,-0.0
2914,09720500006691,-0.0
2915,09730500006692,-0.0
2916,09740500006693,-0.0
2917,09810500006694,-0.0
2918,09820500006695,-0.0
2919,09750500006696,-0.0
2920,09760501006697,-0.0
2921,09770500006698,-0.0
2890,09090505006637,-0.0
2891,09110500006639,0.0
2892,09120500006640,0.0
2893,09130500006641,0.0
2926,09840500006703,-0.0
2927,09850500006704,-0.0
2928,09860500006705,-0.0
2929,09870500006706,-0.0
2930,09880500006707,-0.0
2931,09890500006708,0.0
2932,09900501006709,0.0
2933,09910500006710,0.0
2934,09920501006711,0.0
2935,09930500006712,0.0
2936,09940501006713,0.0
2937,09950500006714,-0.0
2906,09640500006676,0.0
2907,09650505006677,0.0
2908,09660505006678,0.0
2909,09670501006679,-0.0
2942,10000500006719,-0.0
2943,10010500006720,-0.0
2944,10020500006721,-0.0
2945,10030500006722,0.0
2946,10040500006723,0.0
2947,10070500006726,0.0
2948,10080500006727,0.0
2949,10090500006728,0.0
2950,10100500006729,0.0
2951,10110500006730,-0.0
2952,10120500006731,0.0
2953,10130500006732,0.0
2922,09780501006699,-0.0
2923,09790500006700,-0.0
2924,09800501006701,-0.0
2925,09830500006702,-0.0
2958,10180501006737,0.0
2959,10200500006739,-0.0
2960,10210500006740,-0.0
2961,10220500006741,-0.0
2962,10240500006743,0.0
2963,10250500006744,0.0
2964,10260500006745,0.0
2965,10270501006746,0.0
2966,10280500006747,0.0
2967,10290501006748,0.0
2968,10300500006749,0.0
2969,10310501006750,0.0
2938,09960500006715,-0.0
2939,09970500006716,-0.0
2940,09980500006717,-0.0
2941,09990500006718,-0.0
2974,10380500006757,0.0
2975,10390501006758,0.0
2976,10430500006762,-0.0
2977,10440500006763,-0.0
2978,10450500006764,-0.0
2979,10460500006765,-0.0
2980,10470500006766,-0.0
2981,10480500006767,0.0
2982,09310505006778,-0.0
2983,09320505006779,-0.0
2984,10600500006785,0.0
2985,10610500006786,0.0
2954,10140501006733,0.0
2955,10150500006734,0.0
2956,10160501006735,0.0
2957,10170500006736,0.0
2990,10870505006815,0.0
2991,10920502006820,-0.0
2992,10970505006825,0.0
2993,10980505006826,0.0
2994,11020501006830,-0.0
2995,11030501006831,-0.0
2996,11040501006832,-0.0
2997,11050501006833,-0.0
2998,11120500006840,0.0
2999,11240500006852,0.0
3000,11280505006856,-0.0
3001,11430500006871,0.0
2970,10320500006751,0.0
2971,10350501006754,0.0
2972,10360500006755,-0.0
2973,10370501006756,0.0
3006,11510501006879,0.0
3007,11530500006881,0.0
3008,11540500006882,0.0
3009,11550500006883,0.0
3010,11590500006887,0.0
3011,11600504006888,-0.0
3012,11650500006893,0.0
3013,11660500006894,0.0
3014,11670505006895,0.0
3015,11680500006896,-0.0
3016,11690505006897,0.0
3017,11700500006898,0.0
2986,10630500006788,0.0
2987,10590500006794,0.0
2988,10680500006796,0.0
2989,10770500006805,-0.0
3022,11780500006906,0.0
3023,11820501006910,-0.0
3024,11830500006911,-0.0
3025,11840500006912,0.0
3026,11880500006916,0.0
3027,11900500006918,0.0
3028,11920501006920,-0.0
3029,11930501006921,0.0
3030,11940500006922,0.0
3031,11960500006924,0.0
3032,11980500006926,-0.0
3033,11990500006927,0.0
3002,11450500006873,0.0
3003,11460500006874,0.0
3004,11470500006875,0.0
3005,11500501006878,-0.0
3038,12070500006935,0.0
3039,12080501006936,0.0
3040,12090500006937,0.0
3041,12100500006938,0.0
3042,12110500006939,0.0
3043,12150502006943,0.0
3044,12220505006950,0.0
3045,12230505006951,0.0
3046,12260500006954,-0.0
3047,12270500006955,-0.0
3048,12280500006956,-0.0
3049,12290505006957,0.0
3018,11730500006901,0.0
3019,11740500006902,0.0
3020,11750500006903,0.0
3021,11770500006905,0.0
3054,12350502006963,-0.0
3055,12360500006964,0.0
3056,12370500006965,0.0
3057,12380500006966,0.0
3058,12400500006968,0.0
3059,12420500006970,-0.0
3060,12430500006971,-0.0
3061,12450500006973,-0.0
3062,12470500006975,-0.0
3063,12510500006979,0.0
3064,12520504006980,0.0
3065,12580500006986,0.0
3034,12010501006929,0.0
3035,12020500006930,0.0
3036,12040500006932,0.0
3037,12060500006934,0.0
3070,12710500006999,-0.0
3071,12720504007000,-0.0
3072,12750500007003,0.0
3073,12760500007004,0.0
3074,12770500007005,-0.0
3075,12780500007006,-0.0
3076,12790500007007,-0.0
3077,12800500007008,-0.0
3078,12810500007009,0.0
3079,12820500007010,-0.0
3080,12830500007011,-0.0
3081,12840500007012,-0.0
3050,12300505006958,0.0
3051,12310500006959,0.0
3052,12330505006961,0.0
3053,12340504006962,0.0
3086,12900500007018,-0.0
3087,12910505007019,0.0
3088,12920505007020,0.0
3089,12930504007021,0.0
3090,12970500007025,-0.0
3091,12980505007026,0.0
3092,12990500007027,-0.0
3093,13000500007028,-0.0
3094,13010505007029,0.0
3095,13270500007055,-0.0
3096,13280500007056,-0.0
3097,13290500007057,-0.0
3066,12600500006988,0.0
3067,12670500006995,0.0
3068,12680505006996,0.0
3069,12690500006997,-0.0
3102,13360500007064,-0.0
3103,13370500007065,0.0
3104,13390505007067,-0.0
3105,13400505007068,0.0
3106,13410505007069,-0.0
3107,13430500007071,0.0
3108,13440500007072,0.0
3109,13620500007090,-0.0
3110,13630500007091,-0.0
3111,13640500007092,-0.0
3112,13650500007093,-0.0
3113,13660500007094,-0.0
3082,12850500007013,-0.0
3083,12860500007014,-0.0
3084,12870500007015,0.0
3085,12880500007016,-0.0
3118,13710500007099,0.0
3119,13740500007102,-0.0
3120,13770500007105,-0.0
3121,13780500007106,-0.0
3122,13790500007107,0.0
3123,13800500007108,-0.0
3124,13820500007110,-0.0
3125,13830500007111,-0.0
3126,13860500007114,-0.0
3127,13870500007115,-0.0
3128,13880500007116,0.0
3129,13890500007117,0.0
3098,13320504007060,-0.0
3099,13330500007061,-0.0
3100,13340504007062,-0.0
3101,13350504007063,-0.0
3134,14070500007135,0.0
3135,14090500007137,0.0
3136,14100500007138,-0.0
3137,14110500007139,-0.0
3138,14120500007140,-0.0
3139,14130500007141,-0.0
3140,14140500007142,-0.0
3141,14150500007143,0.0
3142,14160500007144,0.0
3143,14170500007145,0.0
3144,14200503007148,0.0
3145,14310500007159,0.0
3114,13670500007095,-0.0
3115,13680500007096,-0.0
3116,13690500007097,-0.0
3117,13700500007098,-0.0
3150,00300600007189,0.0
3151,00310605007190,0.0
3152,00330604007192,0.0
3153,00340600007193,-0.0
3154,00350605007194,0.0
3155,00360600007195,-0.0
3156,00370605007196,0.0
3157,00380600007197,-0.0
3158,00420604007201,0.0
3159,00430600007202,-0.0
3160,00470605007206,0.0
3161,00480600007207,-0.0
3130,13980501007126,0.0
3131,13990500007127,0.0
3132,14000500007128,0.0
3133,14060500007134,0.0
3166,00560600007215,-0.0
3167,00570600007216,0.0
3168,00580600007217,-0.0
3169,00600600007219,-0.0
3170,00610604007220,-0.0
3171,00620600007221,-0.0
3172,00630600007222,-0.0
3173,00640600007223,-0.0
3174,00660605007225,0.0
3175,00670604007226,0.0
3176,00680605007227,0.0
3177,00690605007228,0.0
3146,00250605007184,0.0
3147,00270605007186,0.0
3148,00280600007187,0.0
3149,00290605007188,0.0
3182,00750600007234,-0.0
3183,00760604007235,-0.0
3184,00790600007238,0.0
3185,00810604007240,0.0
3186,00820600007241,-0.0
3187,00830604007242,-0.0
3188,00840604007243,-0.0
3189,00850600007245,-0.0
3190,00860605007246,0.0
3191,00880603007248,0.0
3192,01080600007268,-0.0
3193,01090600007269,-0.0
3162,00490605007208,0.0
3163,00500601007209,-0.0
3164,00540601007213,-0.0
3165,00550601007214,-0.0
58,02150100000195,0.0
3199,01440604007284,-0.0
3200,01450600007285,0.0
3201,01460604007286,0.0
3202,01470604007287,0.0
3203,01480604007288,0.0
3204,01490604007289,0.0
3205,01500604007290,0.0
3206,01510604007291,0.0
3207,01530604007293,0.0
3208,01540604007294,0.0
3209,01550604007295,0.0
3178,00700605007229,0.0
3179,00720600007231,-0.0
3180,00730600007232,0.0
3181,00740600007233,0.0
3214,01610604007301,-0.0
3215,01660605007306,0.0
3216,01670604007307,-0.0
3217,01680604007308,0.0
3218,01690605007309,0.0
3219,01700604007310,0.0
3220,01710605007311,0.0
3221,01720605007312,0.0
3222,01730600007313,0.0
3223,02190605007359,0.0
3224,02200605007360,0.0
3225,02250605007365,0.0
3194,01100600007270,-0.0
3195,01120601007272,-0.0
3196,01130600007273,-0.0
89,03590100000359,-0.0
3228,02370605007377,0.0
3229,02390600007379,0.0
3230,02420600007382,-0.0
3231,02430600007383,-0.0
3232,02440600007384,-0.0
3233,02450600007385,-0.0
3234,02460600007386,0.0
3235,02470600007387,0.0
3236,02480600007388,-0.0
3237,02490600007389,-0.0
3238,02500600007390,-0.0
3239,02770604007437,-0.0
3240,02780600007438,0.0
3241,02790605007439,0.0
3210,01560600007296,-0.0
3211,01570600007297,-0.0
3244,02860600007446,0.0
3245,02900601007449,-0.0
3246,02890605007453,-0.0
3247,03070600007466,-0.0
3248,03060600007467,0.0
3249,03080600007468,0.0
3250,03090600007469,0.0
3251,03100600007470,0.0
3252,03110600007471,0.0
3253,03120600007472,0.0
3254,03130600007473,0.0
3255,03510600007511,-0.0
3256,03520600007512,-0.0
3257,03530600007513,-0.0
3226,02330600007373,0.0
3227,02340600007374,-0.0
3260,03560600007516,-0.0
3261,03570600007517,-0.0
3262,03580600007518,-0.0
3263,03590600007519,-0.0
3264,03600600007520,0.0
3265,03610600007521,0.0
3266,03620600007522,0.0
3267,03630600007523,0.0
3268,03640600007524,0.0
3269,03670600007527,0.0
3270,03680600007528,0.0
3271,03690600007529,0.0
3272,03700600007530,0.0
3273,03730600007533,0.0
3242,02840600007444,0.0
3243,02850600007445,0.0
3276,03830605007543,0.0
3277,03840605007544,0.0
3278,03850604007545,0.0
3279,03860605007546,0.0
3280,03870600007547,-0.0
3281,03890600007548,-0.0
3282,03880605007549,0.0
3283,03900605007550,0.0
3284,03910604007551,0.0
3285,03920605007552,0.0
3286,03930600007553,0.0
3287,03940605007554,0.0
3288,03950604007555,0.0
3289,04110601007570,0.0
3258,03540600007514,-0.0
3259,03550600007515,-0.0
3292,04050604007573,0.0
3293,04160605007576,0.0
3294,04170604007577,0.0
3295,04330600007593,0.0
3296,04340600007594,0.0
3297,04350601007595,0.0
3298,04360601007596,0.0
3299,04370600007597,-0.0
3300,04380600007598,0.0
3301,04390604007599,0.0
3302,04400600007600,0.0
3303,04410605007601,0.0
3304,04430605007603,-0.0
3305,04450605007605,0.0
3274,03740600007534,0.0
3275,03760600007536,-0.0
3308,04500600007610,0.0
3309,04510600007611,0.0
3310,04520605007612,0.0
3311,04530604007613,0.0
3312,04540605007614,0.0
3313,04550605007615,0.0
3314,04560600007616,-0.0
3315,04570605007617,0.0
3316,04580604007618,0.0
3317,04590600007619,-0.0
3318,04600605007620,0.0
3319,04620605007622,0.0
3320,04630605007623,0.0
3321,04750600007625,-0.0
3290,04120600007571,0.0
3291,04130604007572,0.0
3324,04640605007629,0.0
3325,04650604007630,0.0
3326,04660600007631,-0.0
3327,04670605007632,0.0
3328,04690604007634,0.0
3329,04700605007635,0.0
3330,04710604007636,0.0
3331,04720605007637,0.0
3332,04730605007638,0.0
3333,04790600007639,0.0
3334,04800605007640,0.0
3335,04810605007641,0.0
3336,04820605007642,0.0
3337,04830600007643,0.0
3306,04470604007607,-0.0
3307,04480600007608,-0.0
3340,04870600007647,-0.0
3341,04880600007648,0.0
3342,04890600007649,-0.0
3343,04940600007654,-0.0
3344,04950605007655,-0.0
3345,04970600007657,0.0
3346,04990605007659,0.0
3347,05000605007660,0.0
3348,05020605007662,0.0
3349,05030604007663,0.0
3350,05040600007664,0.0
3351,05050600007665,0.0
3352,05060605007666,0.0
3353,05070604007667,0.0
3322,04760605007626,0.0
3323,04770604007627,0.0
3356,05150604007675,0.0
3357,05160605007676,0.0
3358,05190605007679,0.0
3359,05200604007680,0.0
3360,05210605007681,0.0
3361,05220604007682,0.0
3362,05250605007685,-0.0
3363,05270605007688,0.0
3364,05280604007689,0.0
3365,05300605007691,0.0
3366,05320605007692,0.0
3367,05430600007703,-0.0
3368,05440600007704,-0.0
3369,05450600007705,0.0
3338,04840600007644,0.0
3339,04860600007646,0.0
3372,05510600007711,0.0
3373,05520600007712,-0.0
3374,05530605007713,0.0
3375,05540604007714,0.0
3376,05550605007715,0.0
3377,05580600007717,-0.0
3378,05570604007718,0.0
3379,05590605007719,0.0
3380,05600604007720,0.0
3381,05610604007721,0.0
3382,05620601007722,-0.0
3383,05630601007723,-0.0
3384,05640601007724,-0.0
3385,05660600007726,-0.0
3354,05130600007673,-0.0
3355,05140605007674,0.0
3388,05740600007734,0.0
3389,05770605007737,0.0
3390,05780605007738,0.0
3391,05790600007739,0.0
3392,05810605007741,0.0
3393,05820604007742,0.0
3394,05850600007743,0.0
3395,05870600007747,-0.0
3396,05880600007748,-0.0
3397,05890600007749,-0.0
3398,05900600007750,-0.0
3399,05910603007751,-0.0
3400,05920603007752,-0.0
3401,05940600007754,-0.0
3370,05460605007706,0.0
3371,05500600007710,-0.0
3404,06060600007766,0.0
3405,06070600007767,-0.0
3406,06120600007772,0.0
3407,06170600007777,0.0
3408,06180600007778,0.0
3409,06230600007783,0.0
3410,06240600007784,0.0
3411,06250600007785,0.0
3412,06260600007786,0.0
3413,06270600007787,0.0
3414,06280600007788,0.0
3415,06310600007791,0.0
3416,06320600007792,-0.0
3417,06330600007793,0.0
3386,05680600007728,0.0
3387,05720600007732,-0.0
3420,06360600007796,0.0
3421,06370600007797,-0.0
3422,06380600007798,0.0
3423,06390600007799,0.0
3424,06400600007800,0.0
3425,06410600007801,0.0
3426,06420604007802,0.0
3427,06440604007804,0.0
3428,06460604007806,-0.0
3429,06530604007813,-0.0
3430,06540601007814,0.0
3431,06550601007815,0.0
3432,06560601007816,0.0
3433,06570600007817,0.0
3402,05950600007755,-0.0
3403,05960605007756,-0.0
3436,06680604007828,0.0
3437,06770600007837,0.0
3438,06820600007842,-0.0
3439,06860600007846,-0.0
3440,06870600007847,-0.0
3441,06880600007848,-0.0
3442,06900605007850,0.0
3443,06910604007851,0.0
3444,06940605007854,0.0
88,03580100000358,-0.0
3446,06970600007857,-0.0
3447,06980600007858,-0.0
3448,06990604007859,0.0
3449,07000604007860,0.0
3418,06340600007794,-0.0
3419,06350600007795,0.0
3452,07030600007863,0.0
3453,07040600007864,-0.0
3454,07050600007865,0.0
3455,07060600007866,-0.0
3456,07080600007868,-0.0
3457,07090600007869,-0.0
3458,07100600007870,-0.0
3459,07120604007872,0.0
3460,07130604007873,0.0
3461,07140600007874,-0.0
3462,07150600007875,0.0
3463,07160600007876,-0.0
3464,07170600007877,0.0
3465,07180600007878,-0.0
3434,06580600007818,-0.0
3435,06600605007820,0.0
3468,07210600007881,-0.0
3469,07220600007882,0.0
3470,07230600007883,0.0
3471,07250600007885,-0.0
3472,07260600007886,0.0
3473,07270604007887,0.0
3474,07290604007889,-0.0
3475,07300604007890,0.0
3476,07310604007891,0.0
3477,07320604007892,-0.0
3478,07330604007893,0.0
3479,07340604007894,-0.0
3480,07350604007895,0.0
3481,07360600007896,-0.0
3450,07010600007861,-0.0
3451,07020600007862,0.0
3484,07410601007901,0.0
3485,07420601007902,0.0
3486,07440600007904,-0.0
3487,07450600007905,-0.0
3488,07460600007906,-0.0
3489,07470600007907,-0.0
87,03570100000357,-0.0
3491,07520600007912,-0.0
3492,07530600007913,0.0
3493,07550601007915,-0.0
3494,07560601007916,-0.0
3495,07570601007917,-0.0
3496,07580601007918,-0.0
3497,07590601007919,-0.0
3466,07190600007879,0.0
3467,07200600007880,0.0
3500,07620601007922,-0.0
3501,07630601007923,-0.0
3502,07680600007928,-0.0
3503,07780600007929,-0.0
3504,07790605007930,-0.0
3505,07800605007931,0.0
3506,08170605007968,0.0
3507,08290600007980,0.0
3508,08300605007981,-0.0
3509,08380601007989,0.0
3510,07690600007990,0.0
3511,07700605007991,0.0
3512,07720605007993,0.0
3513,08690605008029,-0.0
3482,07380603007898,0.0
3483,07390603007899,0.0
3516,08730605008033,-0.0
3517,08740604008034,-0.0
3518,08750605008035,0.0
3519,08760605008036,0.0
3520,08820604008042,0.0
3521,08830604008043,-0.0
3522,08840604008044,0.0
3523,08850604008045,0.0
3524,08860604008046,-0.0
3525,08870604008047,0.0
3526,08880604008048,0.0
3527,08890604008049,0.0
3528,08900601008050,-0.0
3529,08910601008051,-0.0
3498,07600601007920,-0.0
3499,07610601007921,-0.0
3532,08950600008055,0.0
3533,08960601008056,0.0
3534,08980601008058,-0.0
3535,09010604008061,-0.0
3536,09030600008063,0.0
3537,09040600008064,0.0
3538,09060605008066,0.0
3539,09070600008067,-0.0
3540,09110600008071,-0.0
3541,09120600008072,0.0
3542,09130600008073,0.0
86,03560100000356,0.0
3544,09340600008078,0.0
3545,09350600008079,0.0
3514,08710604008031,-0.0
3515,08720605008032,-0.0
3548,09410600008085,0.0
3549,09420600008086,0.0
3550,09430600008087,-0.0
3551,09440600008088,-0.0
3552,09450600008089,-0.0
3553,09460600008090,-0.0
3554,09470600008091,0.0
3555,09500600008094,0.0
3556,09510600008095,0.0
3557,09520600008096,0.0
3558,09560600008100,0.0
3559,09630605008107,0.0
3560,09640600008108,-0.0
3561,09650605008109,0.0
3530,08930601008053,-0.0
3531,08940601008054,-0.0
3564,09700600008121,0.0
3565,09730600008124,0.0
3566,09740600008125,-0.0
3567,09810600008126,-0.0
3568,09820600008127,-0.0
3569,09750600008128,-0.0
3570,09770600008130,-0.0
3571,09790600008132,-0.0
3572,09830600008134,-0.0
3573,09840600008135,-0.0
3574,09850600008136,0.0
3575,09860600008137,0.0
3576,09870600008138,0.0
3577,09880600008139,0.0
3546,09360605008080,0.0
3547,09370605008081,-0.0
3580,09910600008142,0.0
3581,09920601008143,0.0
3582,09930600008144,0.0
3583,09940601008145,0.0
3584,09950600008146,-0.0
3585,09960600008147,-0.0
3586,09970600008148,-0.0
3587,09990600008150,-0.0
3588,10000600008151,-0.0
3589,10010600008152,-0.0
3590,10020600008153,-0.0
3591,10030600008154,0.0
3592,10040600008155,0.0
3593,10050600008156,0.0
3562,09170604008113,0.0
3563,09690600008120,0.0
3596,10080600008159,0.0
3597,10090600008160,0.0
3598,10100600008161,0.0
3599,10110600008162,-0.0
3600,10120600008163,0.0
3601,10130600008164,-0.0
3602,10140601008165,0.0
3603,10150600008166,-0.0
3604,10160601008167,0.0
3605,10170600008168,-0.0
3606,10180601008169,0.0
3607,10190600008170,-0.0
3608,10200600008171,-0.0
3609,10210600008172,-0.0
3578,09890600008140,0.0
3579,09900601008141,0.0
3612,10240600008175,0.0
3613,10250600008176,0.0
3614,10260600008177,0.0
3615,10270601008178,0.0
3616,10280600008179,0.0
3617,10290601008180,0.0
3618,10300600008181,0.0
3619,10310601008182,0.0
3620,10320600008183,0.0
3621,10350601008186,0.0
3622,10360600008187,0.0
3623,10370601008188,0.0
3624,10380600008189,-0.0
3625,10390601008190,0.0
3594,10060600008157,0.0
3595,10070600008158,0.0
3628,10440600008195,-0.0
3629,10450600008196,-0.0
3630,10460600008197,-0.0
3631,10470600008198,-0.0
3632,10480600008199,-0.0
3633,10530602008213,0.0
3634,10600600008217,-0.0
3635,10610600008218,-0.0
3636,10620600008219,-0.0
3637,10630600008220,-0.0
3638,10680600008228,0.0
3639,10870605008247,0.0
3640,10920602008252,-0.0
3641,10970605008257,0.0
3610,10220600008173,-0.0
3611,10230600008174,0.0
3644,11030601008263,-0.0
3645,11040601008264,-0.0
3646,11050601008265,-0.0
3647,11240600008284,-0.0
3648,11280605008288,-0.0
3649,11440600008304,0.0
3650,11450600008305,-0.0
3651,11460600008306,0.0
3652,11470600008307,0.0
3653,11510601008311,0.0
85,03550100000355,0.0
3655,11530600008313,0.0
84,03540100000354,0.0
3657,11550600008315,0.0
3626,10420605008193,-0.0
3627,10430600008194,-0.0
3660,11650600008325,0.0
3661,11660600008326,-0.0
3662,11670605008327,-0.0
3663,11680600008328,-0.0
3664,11690605008329,-0.0
3665,11700600008330,-0.0
3666,11710600008331,-0.0
3667,11740600008334,-0.0
3668,11750600008335,0.0
3669,11760600008336,-0.0
3670,11770600008337,0.0
3671,11780600008338,0.0
3672,11820601008342,-0.0
3673,11830600008343,-0.0
3642,10980605008258,0.0
3643,11020601008262,-0.0
3676,11940600008354,-0.0
3677,11960600008356,-0.0
3678,12110600008371,-0.0
3679,12220605008382,-0.0
3680,12230605008383,-0.0
3681,12260600008386,-0.0
3682,12270600008387,-0.0
3683,12280600008388,-0.0
3684,12290605008389,-0.0
3685,12300605008390,-0.0
3686,12310600008391,-0.0
3687,12320600008392,0.0
3688,12330605008393,-0.0
3689,12340604008394,0.0
3658,11590600008319,-0.0
3659,11600604008320,0.0
3692,12370600008397,-0.0
3693,12380600008398,0.0
83,03530100000353,-0.0
3695,12400600008400,0.0
82,03520100000352,-0.0
3697,12420600008402,0.0
3698,12430600008403,0.0
3699,12450600008405,-0.0
3700,12460600008406,0.0
3701,12510600008411,-0.0
3702,12520604008412,-0.0
3703,12580600008418,-0.0
3704,12600600008420,-0.0
3705,12630600008423,-0.0
3674,11840600008344,0.0
3675,11900600008350,-0.0
3708,12670600008427,-0.0
3709,12680605008428,-0.0
3710,12690600008429,0.0
3711,12700600008430,-0.0
3712,12720604008432,0.0
3713,12750600008435,-0.0
3714,12760600008436,-0.0
3715,12770600008437,0.0
3716,12780600008438,0.0
3717,12790600008439,0.0
78,03110100000311,0.0
3719,12810600008441,0.0
3720,12830600008443,0.0
3721,12840600008444,0.0
3690,12350602008395,-0.0
3691,12360600008396,0.0
3724,12870600008447,0.0
3725,12900600008450,0.0
3726,12910605008451,-0.0
3727,12920605008452,-0.0
3728,12930604008453,-0.0
3729,12960600008456,0.0
3730,12970600008457,0.0
3731,12980605008458,-0.0
3732,12990600008459,-0.0
3733,13000600008460,-0.0
3734,13010605008461,-0.0
3735,13020600008462,-0.0
3736,13030605008463,-0.0
3737,13100600008470,0.0
3706,12640605008424,-0.0
3707,12650600008425,-0.0
3740,13290600008489,-0.0
3741,13320604008492,-0.0
3742,13330600008493,-0.0
3743,13340604008494,-0.0
3744,13350604008495,0.0
3745,13360600008496,-0.0
3746,13370600008497,0.0
3747,13390605008499,-0.0
3748,13400605008500,-0.0
3749,13410605008501,-0.0
3750,13430600008503,-0.0
3751,13440600008504,-0.0
3752,13620600008522,0.0
3753,13630600008523,0.0
3722,12850600008445,0.0
76,03090100000309,-0.0
3756,13660600008526,0.0
3757,13670600008527,0.0
3758,13680600008528,0.0
3759,13690600008529,0.0
3760,13700600008530,-0.0
3761,13710600008531,-0.0
3762,13730600008533,0.0
3763,13740600008534,0.0
3764,13750600008535,0.0
3765,13760600008536,0.0
3766,13780600008538,0.0
3767,13820600008542,0.0
3768,13830600008543,0.0
3769,13840600008544,0.0
3738,13270600008487,-0.0
3739,13280600008488,-0.0
3772,13870600008547,0.0
3773,13880600008548,0.0
3774,13890600008549,0.0
3775,13900600008550,0.0
3776,13910600008551,0.0
3777,13920600008552,0.0
3778,13930600008553,0.0
3779,13980601008558,-0.0
3780,13990600008559,-0.0
3781,14060600008566,-0.0
3782,14070600008567,-0.0
3783,14080600008568,-0.0
3784,14090600008569,-0.0
3785,14100600008570,-0.0
3754,13640600008524,0.0
3755,13650600008525,0.0
3788,14160600008576,-0.0
3789,14170600008577,-0.0
3790,14200603008580,-0.0
3791,14310600008591,-0.0
3792,14320601008592,0.0
3793,00020900008593,-0.0
3794,00030900008594,-0.0
3795,00040900008595,-0.0
3796,00050900008596,-0.0
3797,00070900008598,-0.0
3798,00250905008616,-0.0
3799,00270905008618,-0.0
75,03080100000308,-0.0
3801,00330904008624,-0.0
3770,13850600008545,0.0
3771,13860600008546,0.0
3804,00360900008627,-0.0
3805,00370905008628,-0.0
3806,00380900008629,0.0
3807,00390904008630,-0.0
3808,00410900008632,-0.0
3809,00420904008633,-0.0
3810,00430900008634,0.0
3811,00440900008635,0.0
3812,00450904008636,-0.0
3813,00480900008639,0.0
3814,00490905008640,-0.0
3815,00500901008641,0.0
3816,00540901008645,0.0
3817,00550901008646,0.0
3786,14110600008571,0.0
3787,14150600008575,0.0
3820,00580900008649,-0.0
3821,00600900008651,-0.0
3822,00610904008652,-0.0
3823,00640900008655,0.0
74,03060100000307,-0.0
3825,00660905008657,-0.0
3826,00670904008658,-0.0
3827,00720900008663,0.0
3828,00730900008664,-0.0
3829,00740900008665,-0.0
3830,00750900008666,-0.0
3831,00760904008667,-0.0
3832,00790900008670,-0.0
3833,00810904008672,-0.0
3802,00340900008625,0.0
3803,00350905008626,-0.0
3836,00850900008677,0.0
3837,00860905008678,-0.0
3838,01010900008693,-0.0
3839,01120901008704,0.0
3840,01440904008716,-0.0
3841,01450900008717,0.0
3842,01460904008718,0.0
3843,01470904008719,0.0
3844,01490904008721,0.0
3845,01500904008722,0.0
3846,01520904008724,-0.0
3847,01540904008726,0.0
3848,01560900008728,0.0
3849,01570900008729,0.0
3818,00560900008647,-0.0
3819,00570900008648,-0.0
3852,01670904008739,-0.0
3853,01680904008740,-0.0
3854,01690905008741,-0.0
3855,01700904008742,-0.0
3856,01840901008756,0.0
3857,02100900008782,-0.0
3858,02140900008786,-0.0
3859,02190905008791,0.0
3860,02200905008792,-0.0
3861,02210900008793,0.0
3862,02240900008796,0.0
3863,02250905008797,-0.0
3864,02330900008805,0.0
3865,02340900008806,-0.0
3834,00820900008673,-0.0
3835,00840904008675,-0.0
3868,02440900008816,0.0
3869,02460900008818,-0.0
3870,02470900008819,-0.0
3871,02480900008820,-0.0
3872,02490900008821,-0.0
3873,02500900008822,0.0
3874,01240900008849,-0.0
3875,01250900008850,-0.0
3876,01260900008851,-0.0
3877,01270900008852,-0.0
3878,01280900008853,-0.0
3879,01290900008854,-0.0
3880,01300900008855,-0.0
3881,01310900008856,-0.0
3850,01600900008732,0.0
3851,01610904008733,0.0
3884,01350900008860,-0.0
3885,01370900008862,-0.0
3886,01390900008864,-0.0
3887,01400900008865,0.0
3888,01410900008866,-0.0
3889,01420900008867,0.0
3890,01430900008868,-0.0
3891,02770904008869,-0.0
25641,14062200058643,-0.0
3893,02790905008871,0.0
3894,02840900008876,0.0
3895,02850900008877,-0.0
3896,02860900008878,-0.0
3897,02870900008879,0.0
3866,02420900008814,0.0
3867,02430900008815,-0.0
3900,02910900008882,0.0
3901,02920905008883,-0.0
3902,02930905008884,-0.0
3903,02890905008885,-0.0
3904,03040900008896,-0.0
3905,03050900008897,-0.0
3906,03070900008898,-0.0
3907,03060900008899,-0.0
3908,03080900008900,-0.0
3909,03090900008901,-0.0
3910,03100900008902,-0.0
3911,03110900008903,0.0
3912,03120900008904,-0.0
3913,03130900008905,0.0
3882,01320900008857,-0.0
3883,01340900008859,-0.0
3916,03530900008945,-0.0
3917,03540900008946,0.0
3918,03550900008947,0.0
3919,03560900008948,0.0
3920,03570900008949,-0.0
3921,03580900008950,-0.0
3922,03590900008951,0.0
3923,03600900008952,-0.0
3924,03610900008953,-0.0
3925,03620900008954,-0.0
3926,03630900008955,0.0
3927,03650900008957,0.0
3928,03670900008959,0.0
3929,03690900008961,0.0
3898,02880905008880,-0.0
3899,02900901008881,0.0
3932,03760900008968,0.0
3933,03820900008974,-0.0
3934,03830905008975,-0.0
3935,03840905008976,-0.0
3936,03850904008977,-0.0
3937,03860905008978,-0.0
3938,03870900008979,0.0
3939,03880905008981,-0.0
3940,03900905008982,-0.0
3941,03910904008983,-0.0
3942,03920905008984,-0.0
3943,03930900008985,0.0
3944,03940905008986,0.0
3945,03950904008987,0.0
3914,03510900008943,-0.0
3915,03520900008944,-0.0
3948,03990905008991,0.0
3949,04000905008992,0.0
3950,04010904008993,0.0
3951,04020900008994,-0.0
3952,04030900008995,-0.0
3953,04040900008996,-0.0
3954,04110901009002,0.0
3955,04130904009004,-0.0
3956,04050904009005,-0.0
3957,04140900009006,-0.0
3958,04150900009007,0.0
3959,04160905009008,-0.0
3960,04170904009009,-0.0
3961,04180905009010,-0.0
3930,03710900008963,0.0
3931,03730900008965,0.0
3964,04410905009033,-0.0
3965,04420900009034,0.0
3966,04430905009035,0.0
3967,04440900009036,-0.0
3968,04450905009037,-0.0
3969,04460900009038,0.0
3970,04470904009039,0.0
3971,04480900009040,0.0
3972,04520905009044,-0.0
3973,04530904009045,-0.0
3974,04540905009046,-0.0
3975,04550905009047,-0.0
3976,04560900009048,-0.0
3977,04570905009049,-0.0
3946,03960900008988,0.0
3947,03970905008989,0.0
3980,04600905009052,-0.0
3981,04620905009054,-0.0
3982,04630905009055,-0.0
3983,04740900009056,-0.0
3984,04760905009058,-0.0
3985,04770904009059,-0.0
3986,04640905009061,-0.0
3987,04650904009062,-0.0
3988,04660900009063,-0.0
3989,04670905009064,-0.0
3990,04680900009065,-0.0
3991,04690904009066,-0.0
3992,04700905009067,-0.0
3993,04710904009068,-0.0
3962,04360901009028,0.0
3963,04390904009031,-0.0
3996,04790900009071,0.0
3997,04800905009072,-0.0
3998,04810905009073,-0.0
3999,04820905009074,-0.0
4000,04840900009076,-0.0
4001,04850900009077,-0.0
4002,04860900009078,-0.0
4003,04870900009079,-0.0
4004,04880900009080,0.0
4005,04940900009086,-0.0
4006,04950905009087,-0.0
4007,04960904009088,-0.0
4008,04970900009089,0.0
4009,04980900009090,0.0
3978,04580904009050,-0.0
3979,04590900009051,-0.0
4012,05010900009093,0.0
4013,05020905009094,-0.0
4014,05030904009095,-0.0
4015,05040900009096,0.0
4016,05050900009097,0.0
4017,05060905009098,-0.0
4018,05070904009099,-0.0
4019,05080900009100,-0.0
4020,05090905009101,-0.0
4021,05130900009105,-0.0
4022,05140905009106,-0.0
4023,05150904009107,-0.0
4024,05160905009108,-0.0
4025,05170900009109,0.0
3994,04720905009069,-0.0
3995,04730905009070,-0.0
4028,05200904009112,-0.0
4029,05210905009113,-0.0
4030,05220904009114,-0.0
4031,05310900009118,-0.0
4032,05270905009120,-0.0
4033,05280904009121,-0.0
4034,05300905009123,-0.0
4035,05320905009124,-0.0
4036,05450900009137,0.0
4037,05460905009138,0.0
4038,05470900009139,-0.0
4039,05500900009142,-0.0
4040,05520900009144,-0.0
4041,05530905009145,-0.0
4010,04990905009091,-0.0
4011,05000905009092,-0.0
4044,05560900009148,0.0
4045,05570904009150,-0.0
4046,05590905009151,-0.0
4047,05600904009152,-0.0
4048,05610904009153,-0.0
4049,05620901009154,0.0
4050,05630901009155,0.0
4051,05640901009156,0.0
4052,05650900009157,0.0
4053,05660900009158,0.0
4054,05740900009166,-0.0
4055,05790900009171,-0.0
4056,05800900009172,-0.0
4057,05810905009173,-0.0
4026,05180900009110,0.0
4027,05190905009111,-0.0
4058,05820904009174,-0.0
4061,05870900009179,0.0
4062,05880900009180,-0.0
4063,05890900009181,0.0
4064,05900900009182,-0.0
4065,05940900009186,-0.0
4066,05950900009187,-0.0
4067,05960905009188,-0.0
4068,06170900009209,0.0
4069,06190900009211,0.0
4070,06210900009213,0.0
4071,06230900009215,0.0
4072,06250900009217,0.0
4073,06260900009218,0.0
4042,05540904009146,-0.0
4043,05550905009147,-0.0
25498,14081900058465,0.0
25499,14091900058466,0.0
25500,14101900058467,0.0
25501,14111900058468,-0.0
25502,02453500058469,0.0
25503,02463500058470,0.0
25504,02473500058471,0.0
25505,02483500058472,0.0
25506,02503500058474,-0.0
25507,04833500058475,-0.0
25508,04843500058476,0.0
25509,04853500058477,-0.0
25510,04863500058478,-0.0
25511,04873500058479,-0.0
25512,09693500058481,-0.0
25513,09703500058482,0.0
4074,06280900009220,0.0
4075,06290900009221,0.0
4076,06310900009223,0.0
4077,06410900009233,0.0
4078,06420904009234,-0.0
4079,06460904009238,-0.0
4080,06530904009245,-0.0
4081,06540901009246,-0.0
4082,06550901009247,-0.0
4083,06560901009248,-0.0
4084,06570900009249,0.0
4085,06580900009250,-0.0
4086,06680904009260,-0.0
4087,06770900009269,0.0
4088,06880900009280,0.0
25640,11782200058642,-0.0
4090,06900905009282,-0.0
4091,06910904009283,-0.0
4092,06950900009287,0.0
4093,06990904009291,-0.0
4094,07000904009292,-0.0
4095,07010900009293,0.0
4096,07020900009294,-0.0
4097,07030900009295,0.0
4098,07040900009296,-0.0
4099,07050900009297,0.0
4100,07070900009299,-0.0
4101,07080900009300,-0.0
4102,07090900009301,-0.0
4103,07100900009302,-0.0
4104,07110900009303,-0.0
4105,07120904009304,-0.0
4106,07130904009305,-0.0
4107,07140900009306,0.0
4108,07150900009307,-0.0
4109,07160900009308,-0.0
4110,07170900009309,-0.0
4111,07180900009310,-0.0
4112,07210900009313,-0.0
4113,07220900009314,0.0
4114,07230900009315,-0.0
4115,07240900009316,0.0
4116,07250900009317,-0.0
4117,07260900009318,-0.0
4118,07270904009319,-0.0
4119,07280904009320,-0.0
4120,07290904009321,0.0
4121,07300904009322,-0.0
4122,07310904009323,-0.0
4123,07330904009325,-0.0
4124,07340904009326,0.0
4125,07350904009327,-0.0
4126,07360900009328,0.0
4127,07370900009329,0.0
4128,07380903009330,-0.0
4129,07390903009331,-0.0
4130,07400900009332,-0.0
4131,07410901009333,-0.0
4132,07420901009334,-0.0
4133,07430900009335,-0.0
4134,07440900009336,0.0
4135,07450900009337,0.0
4136,07460900009338,0.0
4137,07470900009339,0.0
4138,07510900009343,0.0
4139,07520900009344,-0.0
4140,07530900009345,0.0
4141,07550901009347,0.0
4142,07560901009348,0.0
4143,07570901009349,0.0
4144,07580901009350,0.0
4145,07590901009351,0.0
4146,07600901009352,0.0
4147,07610901009353,0.0
4148,07620901009354,0.0
4149,07630901009355,0.0
4150,07660900009358,0.0
4151,07670905009359,0.0
4152,07800905009363,0.0
4153,07840903009367,-0.0
4154,07880903009371,-0.0
4155,07890903009372,-0.0
4156,07910903009374,0.0
4157,07950903009378,0.0
4158,07980903009381,-0.0
4159,08000903009383,-0.0
4160,08030903009386,-0.0
4161,08090903009392,0.0
4162,08100903009393,-0.0
4163,08110903009394,0.0
4164,08120903009395,-0.0
4165,08130903009396,-0.0
4166,08150905009398,-0.0
4167,08170905009400,0.0
4168,08190905009403,-0.0
4169,08210905009405,0.0
4170,08250905009406,-0.0
4171,08220905009408,-0.0
4172,08230905009409,-0.0
4173,08280905009411,-0.0
4174,08290900009412,0.0
4175,08300905009413,-0.0
4176,08360900009419,-0.0
4177,08370905009420,0.0
4178,07750900009428,0.0
4179,07770904009430,0.0
4180,08400904009432,-0.0
4181,08410904009433,-0.0
4182,08450903009437,-0.0
4183,08530903009445,0.0
4184,08560903009448,-0.0
4185,08580903009450,-0.0
50,01560100000136,-0.0
4187,08700905009462,0.0
4188,08710904009463,0.0
4189,08720905009464,-0.0
4190,08730905009465,-0.0
4191,08740904009466,-0.0
4192,08750905009467,-0.0
4193,08760905009468,0.0
4194,08790900009471,-0.0
4195,08820904009474,-0.0
4196,08830904009475,0.0
4197,08840904009476,-0.0
4198,08850904009477,-0.0
4199,08860904009478,-0.0
4200,08870904009479,-0.0
4201,08880904009480,0.0
4202,08890904009481,-0.0
4203,08900901009482,-0.0
4204,08910901009483,-0.0
4205,08920901009484,-0.0
4206,08930901009485,-0.0
4207,08940901009486,-0.0
4208,08950900009487,-0.0
4209,08960901009488,-0.0
4210,08980901009490,0.0
4211,09010904009493,-0.0
4212,09020900009494,0.0
4213,09050900009497,0.0
4214,09060905009498,-0.0
4215,09110900009503,0.0
4216,09120900009504,-0.0
4217,09130900009505,0.0
4218,09380900009514,-0.0
4219,09390900009515,-0.0
4220,09400900009516,-0.0
4221,09410900009517,0.0
4222,09420900009518,0.0
4223,09430900009519,0.0
4224,09440900009520,0.0
4225,09450900009521,0.0
4226,09460900009522,0.0
4227,09470900009523,0.0
4228,09480900009524,0.0
4229,09490900009525,0.0
4230,09500900009526,0.0
4231,09510900009527,0.0
4232,09520900009528,0.0
4233,09560900009532,-0.0
4234,09630905009539,-0.0
4235,09640900009540,-0.0
4236,09650905009541,-0.0
4237,09170904009545,-0.0
4238,09690900009552,-0.0
4239,09700900009553,-0.0
4240,09710900009554,-0.0
4241,09720900009555,-0.0
4242,09730900009556,0.0
4243,09740900009557,0.0
4244,09820900009559,-0.0
4245,09750900009560,-0.0
4246,09760901009561,-0.0
4247,09770900009562,-0.0
4248,09780901009563,-0.0
4249,09790900009564,-0.0
4250,09800901009565,-0.0
4251,09830900009566,-0.0
4252,09840900009567,-0.0
4253,09850900009568,-0.0
4254,09860900009569,-0.0
4255,09870900009570,-0.0
4256,09880900009571,-0.0
4257,09890900009572,0.0
4258,09900901009573,-0.0
4259,09910900009574,0.0
4260,09920901009575,-0.0
4261,09930900009576,0.0
4262,09940901009577,-0.0
4263,09950900009578,0.0
4264,09960900009579,0.0
4265,09990900009582,0.0
4266,10000900009583,0.0
4267,10010900009584,0.0
4268,10020900009585,0.0
4269,10030900009586,0.0
4270,10040900009587,0.0
4271,10050900009588,0.0
4272,10060900009589,0.0
4273,10070900009590,0.0
4274,10080900009591,0.0
4275,10090900009592,0.0
4276,10100900009593,0.0
4277,10110900009594,0.0
4278,10120900009595,0.0
4279,10130900009596,-0.0
4280,10140901009597,-0.0
4281,10150900009598,-0.0
4282,10160901009599,-0.0
4283,10170900009600,-0.0
4284,10180901009601,-0.0
4285,10190900009602,0.0
4286,10200900009603,-0.0
4287,10210900009604,-0.0
4288,10220900009605,-0.0
4289,10230900009606,-0.0
4290,10240900009607,-0.0
4291,10250900009608,-0.0
4292,10260900009609,-0.0
4293,10270901009610,-0.0
4294,10290901009612,-0.0
4295,10300900009613,-0.0
4296,10310901009614,-0.0
4297,10320900009615,-0.0
4298,10350901009618,-0.0
4299,10360900009619,0.0
4300,10370901009620,-0.0
4301,10380900009621,-0.0
4302,10390901009622,-0.0
4303,10420905009625,0.0
4304,09280905009639,-0.0
4305,09310905009642,-0.0
4306,09320905009643,-0.0
4307,10600900009649,0.0
4308,10610900009650,0.0
4309,10620900009651,0.0
4310,10630900009652,0.0
4311,10570900009656,0.0
4312,10580900009657,0.0
4313,10590900009658,0.0
4314,10680900009660,0.0
4315,10770900009669,0.0
4316,10800900009672,-0.0
4317,10870905009679,-0.0
4318,10970905009689,-0.0
4319,10980905009690,-0.0
4320,11020901009694,0.0
4321,11030901009695,0.0
4322,11040901009696,0.0
4323,11050901009697,0.0
4324,11240900009716,0.0
4325,11300900009721,0.0
44,01490104000129,0.0
4327,11440900009736,0.0
4328,11450900009737,-0.0
4329,11460900009738,0.0
4330,11480905009740,-0.0
4331,11510901009743,-0.0
4332,11520900009744,0.0
4333,11530900009745,-0.0
4334,11540900009746,-0.0
4335,11550900009747,-0.0
4336,11570900009749,-0.0
4337,11590900009751,-0.0
4338,11600904009752,0.0
4339,11670905009759,-0.0
4340,11680900009760,-0.0
4341,11690905009761,-0.0
4342,11730900009765,0.0
4343,11740900009766,-0.0
4344,11750900009767,0.0
4345,11760900009768,-0.0
4346,11770900009769,0.0
4347,11780900009770,0.0
4348,11820901009774,-0.0
4349,11830900009775,0.0
4350,12110900009803,-0.0
4351,12220905009814,-0.0
4352,12230905009815,-0.0
4353,12260900009818,0.0
4354,12270900009819,0.0
4355,12280900009820,0.0
4356,12290905009821,0.0
4357,12300905009822,-0.0
4358,12320900009824,-0.0
4359,12330905009825,-0.0
4360,12340904009826,-0.0
4361,12350902009827,0.0
4362,12430900009835,-0.0
4363,12450900009837,-0.0
4364,12470900009839,-0.0
4365,12480900009840,0.0
4366,12490900009841,0.0
4367,12500900009842,0.0
4368,12580900009850,-0.0
4369,12600900009852,-0.0
4370,12670900009859,-0.0
4371,12680905009860,-0.0
4372,12690900009861,0.0
4373,12700900009862,0.0
4374,12710900009863,0.0
4375,12750900009867,-0.0
4376,12760900009868,-0.0
4377,12900900009882,-0.0
4378,12910905009883,-0.0
4379,12920905009884,-0.0
4380,12930904009885,-0.0
4381,12940900009886,0.0
4382,12950905009887,-0.0
4383,12960900009888,-0.0
4384,12970900009889,-0.0
4385,12980905009890,-0.0
4386,13000900009892,0.0
4387,13010905009893,-0.0
4388,13020900009894,-0.0
4389,13030905009895,-0.0
4390,13040904009896,-0.0
4391,13270900009919,0.0
4392,13280900009920,0.0
4393,13290900009921,0.0
4394,13310900009922,0.0
4395,13320904009924,-0.0
4396,13330900009925,-0.0
4397,13340904009926,-0.0
4398,13360900009928,0.0
4399,13380900009930,-0.0
4400,13390905009931,-0.0
4401,13400905009932,-0.0
4402,13410905009933,-0.0
4403,13430900009935,0.0
4404,13440900009936,0.0
4405,13620900009954,-0.0
4406,13630900009955,0.0
4407,13640900009956,-0.0
4408,13650900009957,0.0
4409,13660900009958,-0.0
4441,00031100010026,0.0
4410,13670900009959,0.0
4411,13680900009960,-0.0
4412,13690900009961,0.0
4413,13700900009962,-0.0
4414,13710900009963,0.0
4415,13820900009974,-0.0
4416,13840900009976,-0.0
4417,13860900009978,-0.0
4418,13880900009980,-0.0
4419,13900900009982,-0.0
4420,13920900009984,-0.0
4421,13980901009990,-0.0
4422,13990900009991,-0.0
4423,14020905009994,-0.0
4425,14060900009998,0.0
4457,00431100010066,0.0
4426,14070900009999,-0.0
4427,14080900010000,0.0
4428,14090900010001,-0.0
4429,14100900010002,0.0
4430,14110900010003,0.0
4431,14120900010004,0.0
4432,14130900010005,0.0
4433,14140900010006,0.0
4434,14150900010007,-0.0
4435,14160900010008,-0.0
4436,14170900010009,-0.0
4437,14200903010012,0.0
4438,14310900010023,-0.0
4439,14320901010024,0.0
4440,00021100010025,-0.0
4473,00661105010089,-0.0
4442,00041100010027,-0.0
4443,00051100010028,-0.0
4444,00061100010029,-0.0
4445,00071100010030,0.0
4446,00251105010048,-0.0
4447,00271105010050,-0.0
4448,00331104010056,-0.0
4449,00341100010057,-0.0
4450,00351105010058,-0.0
4451,00361100010059,0.0
4452,00371105010060,-0.0
4453,00381100010061,-0.0
4454,00391104010062,-0.0
4455,00411100010064,0.0
4456,00421104010065,0.0
4489,00851100010109,0.0
4458,00441100010067,0.0
4459,00451104010068,0.0
4460,00481100010071,0.0
4461,00491105010072,-0.0
4462,00501101010073,0.0
4463,00541101010077,0.0
4464,00551101010078,0.0
4465,00561100010079,0.0
4466,00571100010080,-0.0
4467,00581100010081,0.0
4468,00601100010083,-0.0
4469,00611104010084,-0.0
4470,00621100010085,0.0
4471,00631100010086,0.0
4472,00641100010087,0.0
4505,01571100010161,-0.0
4474,00671104010090,-0.0
4475,00681105010091,-0.0
4476,00691105010092,-0.0
4477,00701105010093,-0.0
4478,00721100010095,-0.0
4479,00731100010096,0.0
4480,00741100010097,0.0
4481,00751100010098,-0.0
4482,00761104010099,-0.0
4483,00791100010102,-0.0
4484,00801100010103,-0.0
4485,00811104010104,-0.0
4486,00821100010105,-0.0
4487,00831104010106,0.0
4488,00841104010107,-0.0
4521,02371105010241,-0.0
4490,00861105010110,0.0
4491,01031103010127,0.0
4492,01121101010136,0.0
4493,01441104010148,-0.0
4494,01451100010149,-0.0
4495,01461104010150,-0.0
4496,01471104010151,-0.0
4497,01481104010152,-0.0
4498,01491104010153,-0.0
4499,01501104010154,0.0
4500,01511104010155,-0.0
4501,01521104010156,-0.0
4502,01541104010158,-0.0
4503,01551104010159,-0.0
4504,01561100010160,0.0
4537,01321100010289,-0.0
4506,01601100010164,0.0
4507,01611104010165,0.0
4508,01671104010171,-0.0
4509,01681104010172,-0.0
4510,01711105010175,-0.0
4511,01831101010187,0.0
4512,01841101010188,0.0
4513,02191105010223,-0.0
4514,02201105010224,-0.0
4515,02211100010225,0.0
4516,02221100010226,-0.0
4517,02241100010228,0.0
4518,02251105010229,-0.0
4519,02331100010237,0.0
4520,02341100010238,-0.0
4553,02881105010312,-0.0
4522,02421100010246,0.0
4523,02441100010248,0.0
4524,02451100010249,-0.0
4525,02461100010250,-0.0
4526,02471100010251,-0.0
4527,02481100010252,-0.0
4528,02491100010253,-0.0
4529,02501100010254,0.0
4530,01241100010281,-0.0
4531,01251100010282,0.0
4532,01261100010283,-0.0
4533,01271100010284,0.0
4534,01281100010285,0.0
4535,01291100010286,0.0
4536,01311100010288,0.0
4569,03541100010378,0.0
4538,01351100010292,-0.0
4539,01361100010293,0.0
4540,01371100010294,-0.0
4541,01381100010295,0.0
4542,01391100010296,-0.0
4543,01411100010298,-0.0
4544,01421100010299,-0.0
4545,01431100010300,-0.0
4546,02771104010301,-0.0
4547,02781100010302,0.0
4548,02791105010303,0.0
4549,02841100010308,0.0
4550,02851100010309,-0.0
4551,02861100010310,-0.0
4552,02871100010311,-0.0
4585,03821100010406,-0.0
4554,02901101010313,0.0
4555,02921105010315,-0.0
4556,02931105010316,-0.0
4557,02891105010317,-0.0
4558,03071100010330,0.0
4559,03061100010331,0.0
4560,03081100010332,-0.0
4561,03091100010333,-0.0
4562,03101100010334,-0.0
4563,03111100010335,-0.0
4564,03121100010336,-0.0
4565,03131100010337,-0.0
4566,03511100010375,0.0
4567,03521100010376,0.0
4568,03531100010377,0.0
4601,04051104010437,-0.0
4570,03551100010379,0.0
4571,03561100010380,0.0
4572,03571100010381,-0.0
4573,03581100010382,0.0
4574,03591100010383,-0.0
4575,03601100010384,-0.0
4576,03611100010385,-0.0
4577,03621100010386,-0.0
4578,03631100010387,0.0
4579,03651100010389,0.0
4580,03671100010391,0.0
4581,03691100010393,0.0
4582,03711100010395,0.0
4583,03731100010397,0.0
4584,03761100010400,0.0
4617,04531104010477,-0.0
4586,03831105010407,-0.0
4587,03841105010408,0.0
4588,03851104010409,-0.0
4589,03861105010410,-0.0
4590,03881105010413,-0.0
4591,03921105010416,-0.0
4592,03961100010420,-0.0
4593,03971105010421,-0.0
4594,03991105010423,-0.0
4595,04011104010425,-0.0
4596,04021100010426,0.0
4597,04031100010427,-0.0
4598,04041100010428,0.0
4599,04111101010434,0.0
4600,04131104010436,0.0
72,02900101000289,-0.0
4602,04331100010457,-0.0
4603,04341100010458,-0.0
4604,04351101010459,-0.0
4605,04361101010460,0.0
4606,04371100010461,-0.0
4607,04381100010462,0.0
4608,04391104010463,-0.0
4609,04411105010465,0.0
4610,04421100010466,-0.0
4611,04431105010467,-0.0
4612,04461100010470,0.0
4613,04471104010471,0.0
4614,04481100010472,0.0
4615,04501100010474,0.0
4616,04521105010476,-0.0
4649,05001105010524,-0.0
4618,04541105010478,-0.0
4619,04551105010479,-0.0
4620,04571105010481,-0.0
4621,04581104010482,-0.0
4622,04601105010484,-0.0
4623,04621105010486,-0.0
4624,04631105010487,-0.0
4625,04641105010493,-0.0
4626,04651104010494,-0.0
4627,04671105010496,-0.0
4628,04691104010498,-0.0
4629,04701105010499,-0.0
4630,04711104010500,-0.0
4631,04721105010501,-0.0
4632,04731105010502,-0.0
4665,05611104010585,-0.0
4634,04801105010504,-0.0
4635,04811105010505,-0.0
4636,04821105010506,-0.0
4637,04831100010507,0.0
4638,04841100010508,-0.0
4639,04851100010509,0.0
4640,04861100010510,0.0
4641,04871100010511,0.0
4642,04891100010513,-0.0
4643,04901100010514,-0.0
4644,04941100010518,-0.0
4645,04951105010519,-0.0
4646,04961104010520,-0.0
4647,04971100010521,-0.0
4648,04991105010523,-0.0
4681,05891100010613,0.0
4650,05211105010545,-0.0
4651,05221104010546,-0.0
4652,05421105010566,-0.0
4653,05431100010567,0.0
4654,05441100010568,0.0
4655,05451100010569,0.0
4656,05461105010570,-0.0
4657,05471100010571,-0.0
4658,05491105010573,-0.0
4659,05501100010574,-0.0
4660,05521100010576,-0.0
4661,05531105010577,-0.0
4662,05541104010578,-0.0
4663,05551105010579,-0.0
4664,05571104010582,-0.0
4697,06261100010650,0.0
4666,05621101010586,0.0
4667,05631101010587,0.0
4668,05641101010588,0.0
4669,05651100010589,0.0
4670,05661100010590,0.0
4671,05741100010598,-0.0
4672,05791100010603,-0.0
4673,05801100010604,0.0
4674,05811105010605,-0.0
4675,05821104010606,-0.0
4676,05851100010607,0.0
4677,05831100010608,0.0
4678,05841100010609,0.0
4679,05871100010611,0.0
4680,05881100010612,0.0
4713,06901105010714,-0.0
4682,05901100010614,0.0
4683,05941100010618,0.0
4684,05951100010619,0.0
4685,05961105010620,-0.0
4686,06061100010630,-0.0
4687,06071100010631,-0.0
4688,06091100010633,-0.0
4689,06101100010634,-0.0
4690,06111100010635,-0.0
4691,06121100010636,-0.0
4692,06171100010641,0.0
4693,06191100010643,0.0
4694,06211100010645,0.0
4695,06231100010647,0.0
4696,06251100010649,0.0
4729,07101100010734,0.0
4698,06281100010652,0.0
4699,06291100010653,0.0
4700,06311100010655,0.0
4701,06411100010665,0.0
4702,06421104010666,-0.0
4703,06441104010668,-0.0
4704,06461104010670,-0.0
4705,06531104010677,-0.0
4706,06541101010678,-0.0
4707,06551101010679,-0.0
4708,06561101010680,-0.0
4709,06571100010681,0.0
4710,06581100010682,-0.0
4711,06681104010692,-0.0
4712,06871100010711,0.0
4745,07291104010753,-0.0
4714,06911104010715,-0.0
4715,06951100010719,0.0
4716,06971100010721,-0.0
4717,06981100010722,-0.0
4718,06991104010723,-0.0
4719,07001104010724,-0.0
4720,07011100010725,0.0
4721,07021100010726,-0.0
4722,07031100010727,0.0
4723,07041100010728,-0.0
4724,07051100010729,0.0
4725,07061100010730,0.0
4726,07071100010731,0.0
4727,07081100010732,-0.0
4728,07091100010733,-0.0
4761,07521100010776,0.0
4730,07111100010735,-0.0
4731,07121104010736,-0.0
4732,07131104010737,-0.0
4733,07151100010739,-0.0
4734,07161100010740,0.0
4735,07171100010741,-0.0
4736,07181100010742,-0.0
4737,07191100010743,-0.0
4738,07211100010745,-0.0
4739,07221100010746,0.0
4740,07231100010747,-0.0
4741,07241100010748,0.0
4742,07261100010750,-0.0
4743,07271104010751,-0.0
4744,07281104010752,-0.0
4777,07841103010799,-0.0
4746,07301104010754,-0.0
4747,07311104010755,-0.0
4748,07341104010758,-0.0
4749,07351104010759,-0.0
4750,07361100010760,0.0
4751,07371100010761,0.0
4752,07381103010762,-0.0
4753,07391103010763,-0.0
4754,07411101010765,-0.0
4755,07421101010766,-0.0
4756,07441100010768,-0.0
4757,07451100010769,0.0
4758,07461100010770,0.0
4759,07471100010771,0.0
4760,07511100010775,0.0
4793,08091103010824,0.0
4762,07531100010777,0.0
4763,07551101010779,0.0
4764,07561101010780,0.0
4765,07571101010781,0.0
4766,07581101010782,0.0
4767,07591101010783,0.0
4768,07601101010784,0.0
4769,07611101010785,0.0
4770,07621101010786,0.0
4771,07631101010787,0.0
4772,07661100010790,-0.0
4773,07671105010791,-0.0
4774,07791105010794,-0.0
4775,07801105010795,0.0
4776,07821103010797,-0.0
4809,07771104010862,-0.0
4778,07861103010801,0.0
4779,07881103010803,0.0
4780,07891103010804,0.0
4781,07901103010805,0.0
4782,07911103010806,-0.0
4783,07951103010810,-0.0
4784,07961103010811,0.0
4785,07971103010812,-0.0
4786,07981103010813,-0.0
4787,08001103010815,-0.0
4788,08011103010816,0.0
4789,08021103010817,-0.0
4790,08031103010818,-0.0
4791,08051103010820,0.0
4792,08081103010823,-0.0
4825,08801100010904,-0.0
4794,08101103010825,-0.0
4795,08111103010826,-0.0
4796,08121103010827,-0.0
4797,08131103010828,-0.0
4798,08171105010832,0.0
4799,08241105010833,-0.0
4800,08191105010835,-0.0
4801,08251105010838,-0.0
4802,08261105010839,0.0
4803,08221105010840,-0.0
4804,08301105010845,-0.0
4805,08371105010852,0.0
4806,07741100010858,0.0
4807,07731100010859,0.0
4808,07761100010861,0.0
4841,08981101010922,0.0
4810,08401104010864,-0.0
4811,08411104010865,-0.0
4812,08451103010869,0.0
4813,08561103010880,-0.0
4814,08581103010882,0.0
4815,08661103010890,0.0
4816,08691105010893,0.0
4817,08701105010894,0.0
4818,08711104010895,0.0
4819,08721105010896,-0.0
4820,08731105010897,-0.0
4821,08741104010898,-0.0
4822,08751105010899,0.0
4823,08761105010900,0.0
4824,08791100010903,-0.0
4857,09471100010955,-0.0
4826,08811104010905,-0.0
4827,08821104010906,-0.0
4828,08831104010907,-0.0
4829,08841104010908,-0.0
4830,08851104010909,-0.0
4831,08861104010910,-0.0
4832,08881104010912,-0.0
4833,08891104010913,-0.0
4834,08901101010914,0.0
4835,08911101010915,0.0
4836,08921101010916,0.0
4837,08931101010917,0.0
4838,08941101010918,0.0
4839,08951100010919,0.0
4840,08961101010920,0.0
4873,09731100010988,-0.0
4842,09011104010925,-0.0
4843,09021100010926,-0.0
4844,09051100010929,-0.0
4845,09061105010930,-0.0
4846,09121100010936,-0.0
4847,09131100010937,-0.0
4848,09381100010946,0.0
4849,09391100010947,0.0
4850,09401100010948,0.0
4851,09411100010949,-0.0
4852,09421100010950,-0.0
4853,09431100010951,-0.0
4854,09441100010952,-0.0
4855,09451100010953,-0.0
4856,09461100010954,-0.0
4889,09901101011005,-0.0
4858,09481100010956,-0.0
4859,09491100010957,-0.0
4860,09501100010958,-0.0
4861,09511100010959,-0.0
4862,09521100010960,-0.0
4863,09561100010964,-0.0
4864,09631105010971,-0.0
4865,09641100010972,0.0
4866,09651105010973,0.0
4867,09661105010974,0.0
4868,09171104010977,-0.0
4869,09691100010984,-0.0
4870,09701100010985,-0.0
4871,09711100010986,-0.0
4872,09721100010987,-0.0
4905,10081100011023,-0.0
4874,09741100010989,0.0
4875,09811100010990,0.0
4876,09821100010991,0.0
4877,09751100010992,0.0
4878,09761101010993,-0.0
4879,09771100010994,0.0
4880,09781101010995,-0.0
4881,09791100010996,0.0
4882,09801101010997,-0.0
4883,09831100010998,0.0
4884,09841100010999,0.0
4885,09851100011000,-0.0
4886,09871100011002,-0.0
4887,09881100011003,-0.0
4888,09891100011004,-0.0
4921,10241100011039,-0.0
4890,09911100011006,-0.0
4891,09921101011007,-0.0
4892,09931100011008,-0.0
4893,09941101011009,-0.0
4894,09951100011010,-0.0
4895,09961100011011,-0.0
4896,09971100011012,-0.0
4897,09981100011013,-0.0
4898,10001100011015,-0.0
4899,10021100011017,-0.0
4900,10031100011018,-0.0
4901,10041100011019,-0.0
4902,10051100011020,-0.0
4903,10061100011021,-0.0
4904,10071100011022,-0.0
4937,09311105011074,-0.0
4906,10091100011024,-0.0
4907,10101100011025,-0.0
4908,10111100011026,-0.0
4909,10121100011027,0.0
4910,10131100011028,-0.0
4911,10141101011029,-0.0
4912,10151100011030,-0.0
4913,10161101011031,-0.0
4914,10171100011032,-0.0
4915,10181101011033,-0.0
4916,10191100011034,-0.0
4917,10201100011035,-0.0
4918,10211100011036,-0.0
4919,10221100011037,-0.0
4920,10231100011038,-0.0
4953,11031101011127,0.0
4922,10251100011040,-0.0
4923,10261100011041,-0.0
4924,10271101011042,-0.0
4925,10281100011043,0.0
4926,10291101011044,-0.0
4927,10301100011045,0.0
4928,10311101011046,-0.0
4929,10321100011047,-0.0
4930,10351101011050,-0.0
4931,10361100011051,0.0
4932,10371101011052,-0.0
4933,10381100011053,-0.0
4934,10391101011054,-0.0
4935,09251105011070,-0.0
4936,09281105011071,-0.0
4969,11731100011197,-0.0
4938,09321105011075,-0.0
4939,10601100011081,0.0
4940,10611100011082,0.0
4941,10621100011083,0.0
4942,10631100011084,0.0
4943,10571100011088,0.0
4944,10581100011089,0.0
4945,10591100011090,0.0
4946,10681100011092,0.0
4947,10771100011101,0.0
4948,10801100011104,0.0
4949,10871105011111,-0.0
4950,10921102011116,-0.0
4951,10971105011121,-0.0
4952,11021101011126,0.0
4985,12111100011235,-0.0
4954,11041101011128,0.0
4955,11051101011129,0.0
4956,11241100011148,-0.0
4957,11461100011170,0.0
4958,11501101011174,-0.0
4959,11521100011176,0.0
4960,11531100011177,-0.0
4961,11541100011178,0.0
4962,11551100011179,0.0
4963,11561100011180,-0.0
4964,11571100011181,-0.0
4965,11591100011183,0.0
4966,11601104011184,0.0
4967,11681100011192,0.0
4968,11691105011193,-0.0
5001,12501100011274,-0.0
4970,11741100011198,-0.0
4971,11751100011199,-0.0
4972,11761100011200,-0.0
4973,11771100011201,-0.0
4974,11781100011202,0.0
4975,11821101011206,-0.0
4976,11831100011207,0.0
4977,11841100011208,0.0
4978,11871100011211,-0.0
4979,11881100011212,-0.0
4980,11891100011213,-0.0
4981,11901100011214,-0.0
4982,11921101011216,-0.0
4983,11941100011218,-0.0
4984,11961100011220,-0.0
5017,12981105011322,-0.0
4986,12221105011246,-0.0
4987,12231105011247,0.0
4988,12261100011250,0.0
4989,12271100011251,0.0
4990,12281100011252,0.0
4991,12291105011253,-0.0
4992,12301105011254,-0.0
4993,12311100011255,-0.0
4994,12331105011257,-0.0
4995,12341104011258,-0.0
4996,12431100011267,-0.0
4997,12451100011269,-0.0
4998,12471100011271,-0.0
4999,12481100011272,-0.0
5000,12491100011273,-0.0
5033,13401105011364,0.0
5002,12581100011282,-0.0
5003,12601100011284,0.0
5004,12671100011291,-0.0
5005,12681105011292,-0.0
5006,12691100011293,0.0
5007,12701100011294,0.0
5008,12711100011295,0.0
5009,12721104011296,-0.0
5010,12751100011299,-0.0
5011,12761100011300,-0.0
5012,12901100011314,-0.0
5013,12911105011315,-0.0
5014,12921105011316,-0.0
5015,12931104011317,-0.0
5016,12961100011320,0.0
5049,14071100011431,-0.0
5018,12991100011323,0.0
5019,13011105011325,-0.0
5020,13021100011326,-0.0
5021,13031105011327,-0.0
5022,13041104011328,0.0
5023,13271100011351,-0.0
5024,13281100011352,-0.0
5025,13291100011353,-0.0
5026,13321104011356,-0.0
5027,13331100011357,-0.0
5028,13341104011358,-0.0
5029,13351104011359,-0.0
5030,13371100011361,0.0
5031,13381100011362,0.0
5032,13391105011363,-0.0
5065,00291005011484,-0.0
5034,13411105011365,-0.0
5035,13621100011386,0.0
5036,13631100011387,0.0
5037,13641100011388,0.0
5038,13651100011389,0.0
5039,13661100011390,-0.0
5040,13681100011392,-0.0
5041,13701100011394,-0.0
5042,13711100011395,0.0
5043,13841100011408,0.0
5044,13981101011422,-0.0
5045,13991100011423,-0.0
5046,14001100011424,-0.0
5047,14021105011426,-0.0
5048,14051100011429,-0.0
5081,00511000011506,0.0
5050,14091100011433,-0.0
5051,14101100011434,-0.0
5052,14111100011435,0.0
5053,14121100011436,0.0
5054,14131100011437,0.0
5055,14141100011438,0.0
5056,14151100011439,-0.0
5057,14161100011440,-0.0
5058,14171100011441,-0.0
5059,14201103011444,-0.0
5060,14311100011455,-0.0
5061,14321101011456,0.0
5062,00251005011480,-0.0
5063,00271005011482,-0.0
5064,00281000011483,-0.0
5097,00791000011534,-0.0
5066,00301000011485,-0.0
5067,00311005011486,-0.0
5068,00321000011487,-0.0
5069,00331004011488,-0.0
5070,00341000011489,0.0
5071,00351005011490,-0.0
5072,00361000011491,0.0
5073,00371005011492,-0.0
5074,00401000011495,-0.0
5075,00441000011499,-0.0
5076,00451004011500,-0.0
5077,00461000011501,-0.0
5078,00471005011502,-0.0
5079,00481000011503,0.0
5080,00501001011505,0.0
5113,01191000011575,-0.0
5082,00521000011507,0.0
5083,00531000011508,0.0
5084,00541001011509,-0.0
5085,00551001011510,0.0
5086,00561000011511,-0.0
5087,00571000011512,-0.0
5088,00581000011513,0.0
5089,00601000011515,0.0
5090,00611004011516,0.0
5091,00621000011517,-0.0
5092,00631000011518,-0.0
5093,00641000011519,0.0
5094,00721000011527,-0.0
5095,00731000011528,0.0
5096,00741000011529,0.0
5129,01591000011595,0.0
5098,00811004011536,-0.0
5099,00821000011537,-0.0
5100,00831004011538,0.0
5101,00841004011539,-0.0
5102,00851000011541,0.0
5103,00861005011542,0.0
5104,00871003011543,-0.0
5105,01011000011557,0.0
5106,01081000011564,0.0
5107,01091000011565,0.0
5108,01101000011566,0.0
5109,01121001011568,0.0
5110,01151000011571,0.0
5111,01161000011572,0.0
5112,01171000011573,0.0
5144,02131000011649,0.0
5145,02171000011653,0.0
5114,01201005011576,-0.0
5115,01221005011578,0.0
5116,01441004011580,0.0
5117,01451000011581,0.0
5118,01461004011582,0.0
5119,01471004011583,0.0
5120,01491004011585,0.0
5121,01501004011586,0.0
5122,01511004011587,0.0
5123,01521004011588,0.0
5124,01531004011589,0.0
5125,01551004011591,0.0
5127,01571000011593,0.0
5128,01581000011594,0.0
5160,02781000011734,0.0
5161,02791005011735,0.0
5130,01601000011596,0.0
5131,01611004011597,0.0
71,02860100000286,0.0
5133,01691005011605,0.0
5134,01701004011606,0.0
5135,01711005011607,-0.0
5136,01721005011608,0.0
5137,02031000011639,0.0
5138,02041000011640,0.0
5139,02051000011641,0.0
5140,02061005011642,0.0
5141,02071005011643,0.0
5142,02081005011644,0.0
5143,02111000011647,-0.0
5176,03121000011768,0.0
5177,03131000011769,-0.0
5146,02191005011655,0.0
5147,02201005011656,0.0
5148,02221000011658,0.0
5149,02251005011661,-0.0
5150,02321000011668,-0.0
5151,02341000011670,0.0
5152,02371005011673,-0.0
5153,02391000011675,0.0
5154,02421000011678,-0.0
5155,02441000011680,-0.0
5156,02461000011682,-0.0
5157,02481000011684,0.0
5158,02501000011686,0.0
70,02850100000285,0.0
5192,03691000011825,-0.0
5193,03701000011826,-0.0
5162,02801000011736,0.0
5163,02811000011737,-0.0
5164,02841000011740,-0.0
5165,02851000011741,0.0
5166,02861000011742,-0.0
5167,02901001011745,0.0
5168,03041000011760,-0.0
5169,03051000011761,-0.0
5170,03071000011762,0.0
5171,03061000011763,-0.0
5172,03081000011764,0.0
5173,03091000011765,0.0
5174,03101000011766,-0.0
5175,03111000011767,-0.0
5208,03941005011850,0.0
5209,03951004011851,0.0
5178,03511000011807,-0.0
5179,03541000011810,-0.0
5180,03551000011811,0.0
5181,03561000011812,-0.0
5182,03571000011813,0.0
5183,03581000011814,0.0
5184,03591000011815,0.0
5185,03601000011816,-0.0
5186,03611000011817,-0.0
5187,03621000011818,-0.0
5188,03651000011821,0.0
5189,03661000011822,0.0
5190,03671000011823,0.0
5191,03681000011824,0.0
5224,04411005011897,0.0
5225,04451005011901,0.0
5194,03711000011827,0.0
5195,03721000011828,0.0
5196,03731000011829,0.0
5197,03741000011830,0.0
5198,03761000011832,0.0
5199,03831005011839,-0.0
5200,03841005011840,0.0
5201,03851004011841,0.0
5202,03861005011842,0.0
5203,03871000011843,-0.0
5204,03881005011845,0.0
5205,03901005011846,-0.0
5206,03911004011847,0.0
5207,03921005011848,0.0
5240,04771004011923,0.0
5241,04781005011924,0.0
5210,04101000011865,0.0
5211,04111001011866,0.0
5212,04131004011868,0.0
5213,04051004011869,0.0
5214,04141000011870,-0.0
5215,04161005011872,-0.0
5216,04171004011873,0.0
5217,04331000011889,-0.0
5218,04341000011890,0.0
5219,04351001011891,0.0
5220,04361001011892,0.0
5221,04371000011893,-0.0
5222,04381000011894,-0.0
69,02840100000284,0.0
5256,04871000011943,-0.0
5257,04881000011944,0.0
5226,04461000011902,-0.0
5227,04471004011903,-0.0
5228,04511000011907,-0.0
5229,04521005011908,-0.0
5230,04531004011909,0.0
5231,04541005011910,-0.0
5232,04551005011911,-0.0
5233,04571005011913,-0.0
5234,04581004011914,0.0
5235,04601005011916,-0.0
5236,04621005011918,-0.0
5237,04631005011919,-0.0
5238,04751000011921,0.0
5239,04761005011922,-0.0
5272,05191005011975,0.0
5273,05201004011976,0.0
5242,04641005011925,-0.0
5243,04651004011926,0.0
5244,04671005011928,-0.0
5245,04691004011930,-0.0
5246,04701005011931,-0.0
5247,04711004011932,-0.0
5248,04721005011933,-0.0
5249,04731005011934,-0.0
5250,04791000011935,-0.0
5251,04801005011936,-0.0
5252,04811005011937,0.0
5253,04821005011938,0.0
5254,04831000011939,0.0
5255,04841000011940,-0.0
5288,05531005012009,0.0
5289,05541004012010,0.0
5258,04891000011945,-0.0
5259,04901000011946,-0.0
5260,04991005011955,0.0
5261,05001005011956,0.0
5262,05011000011957,0.0
5263,05021005011958,0.0
5264,05031004011959,0.0
5265,05061005011962,0.0
5266,05071004011963,0.0
5267,05141005011970,-0.0
5268,05151004011971,0.0
5269,05161005011972,-0.0
5270,05171000011973,0.0
5271,05181000011974,0.0
5304,05711000012027,-0.0
5305,05721000012028,0.0
5274,05211005011977,-0.0
5275,05221004011978,0.0
5276,05251005011981,0.0
5277,05311000011982,-0.0
5278,05271005011984,-0.0
5279,05281004011985,0.0
5280,05301005011987,-0.0
5281,05321005011988,-0.0
5282,05431000011999,0.0
5283,05441000012000,0.0
5284,05451000012001,-0.0
5285,05461005012002,-0.0
5286,05501000012006,-0.0
5287,05521000012008,0.0
5320,05961005012052,-0.0
5321,06061000012062,0.0
5290,05551005012011,0.0
5291,05561000012012,-0.0
5292,05571004012014,0.0
5293,05591005012015,-0.0
5294,05601004012016,0.0
5295,05611004012017,0.0
5296,05621001012018,0.0
5297,05631001012019,0.0
5298,05641001012020,-0.0
5299,05661000012022,-0.0
5300,05671000012023,0.0
5301,05681000012024,0.0
5302,05691000012025,-0.0
5303,05701000012026,-0.0
5336,06291000012085,0.0
5337,06301000012086,0.0
5306,05731000012029,-0.0
5307,05741000012030,0.0
5308,05751000012031,-0.0
5309,05761000012032,-0.0
5310,05791000012035,0.0
5311,05811005012037,0.0
5312,05821004012038,0.0
5313,05871000012043,0.0
5314,05881000012044,0.0
5315,05891000012045,0.0
5316,05901000012046,0.0
5317,05921003012048,0.0
5318,05941000012050,-0.0
5319,05951000012051,-0.0
5352,06581000012114,0.0
5353,06681004012124,0.0
5322,06081000012064,0.0
5323,06121000012068,0.0
5324,06171000012073,0.0
5325,06181000012074,0.0
5326,06191000012075,0.0
5327,06201000012076,0.0
5328,06211000012077,0.0
5329,06221000012078,0.0
5330,06231000012079,0.0
5331,06241000012080,0.0
5332,06251000012081,0.0
5333,06261000012082,0.0
5334,06271000012083,0.0
5335,06281000012084,0.0
5368,07051000012161,0.0
5369,07061000012162,-0.0
5338,06311000012087,0.0
5339,06321000012088,0.0
5340,06331000012089,-0.0
5341,06341000012090,0.0
5342,06381000012094,0.0
5343,06391000012095,0.0
5344,06401000012096,0.0
5345,06411000012097,-0.0
5346,06421004012098,0.0
5347,06461004012102,-0.0
5348,06541001012110,-0.0
5349,06551001012111,-0.0
5350,06561001012112,-0.0
5351,06571000012113,0.0
5384,07261000012182,-0.0
5385,07271004012183,-0.0
5354,06771000012133,0.0
5355,06861000012142,0.0
5356,06881000012144,-0.0
5357,06901005012146,-0.0
5358,06911004012147,0.0
5359,06951000012151,-0.0
5360,06971000012153,0.0
5361,06981000012154,-0.0
5362,06991004012155,0.0
5363,07001004012156,0.0
5364,07011000012157,-0.0
5365,07021000012158,0.0
5366,07031000012159,0.0
5367,07041000012160,-0.0
5400,07451000012201,0.0
5401,07461000012202,-0.0
5370,07071000012163,0.0
5371,07081000012164,0.0
5372,07101000012166,-0.0
5373,07121004012168,0.0
5374,07131004012169,0.0
5375,07141000012170,-0.0
5376,07151000012171,-0.0
5377,07161000012172,0.0
5378,07171000012173,-0.0
5379,07181000012174,-0.0
5380,07191000012175,-0.0
5381,07211000012177,-0.0
5382,07231000012179,-0.0
5383,07251000012181,-0.0
5416,08141005012261,0.0
5417,08151005012262,-0.0
5386,07281004012184,-0.0
5387,07291004012185,-0.0
5388,07301004012186,0.0
5389,07311004012187,0.0
5390,07331004012189,0.0
5391,07341004012190,0.0
5392,07351004012191,-0.0
5393,07361000012192,0.0
5394,07381003012194,-0.0
5395,07391003012195,0.0
5396,07411001012197,0.0
5397,07421001012198,0.0
5398,07431000012199,-0.0
5399,07441000012200,0.0
5432,08801000012336,0.0
5433,08811004012337,0.0
5402,07471000012203,0.0
5403,07511000012207,-0.0
5404,07521000012208,-0.0
5405,07531000012209,-0.0
5406,07551001012211,0.0
5407,07561001012212,0.0
5408,07571001012213,0.0
5409,07581001012214,0.0
5410,07591001012215,0.0
5411,07601001012216,-0.0
5412,07611001012217,0.0
5413,07621001012218,0.0
5414,07631001012219,0.0
5415,07801005012227,0.0
5448,09001005012356,-0.0
5449,09031000012359,0.0
5418,08171005012264,0.0
5419,08281005012275,0.0
5420,08381001012285,0.0
5421,07691000012286,0.0
5422,07701005012287,0.0
5423,07721005012289,0.0
5424,08691005012325,-0.0
5425,08701005012326,-0.0
5426,08711004012327,-0.0
5427,08721005012328,0.0
5428,08731005012329,0.0
5429,08741004012330,0.0
5430,08751005012331,0.0
5431,08761005012332,0.0
5464,09631005012403,0.0
5465,09651005012405,0.0
5434,08821004012338,0.0
5435,08841004012340,0.0
5436,08851004012341,0.0
5437,08861004012342,0.0
5438,08881004012344,0.0
5439,08891004012345,0.0
5440,08901001012346,0.0
5441,08911001012347,0.0
5442,08921001012348,0.0
5443,08931001012349,0.0
5444,08941001012350,0.0
5445,08951000012351,0.0
5446,08961001012352,0.0
5447,08981001012354,0.0
5480,09841000012431,0.0
5481,09851000012432,0.0
5450,09041000012360,0.0
5451,09061005012362,0.0
5452,09081000012364,-0.0
5453,09091005012365,-0.0
5454,09111000012367,0.0
5455,09121000012368,0.0
5456,09131000012369,-0.0
5457,09331000012373,-0.0
5458,09351000012375,-0.0
5459,09361005012376,0.0
5460,09441000012384,-0.0
5461,09471000012387,-0.0
5462,09501000012390,-0.0
5463,09561000012396,-0.0
5496,10041000012451,0.0
5497,10051000012452,-0.0
5466,09671001012407,-0.0
5467,09171004012409,0.0
5468,09691000012416,-0.0
5469,09701000012417,-0.0
5470,09711000012418,0.0
5471,09721000012419,0.0
5472,09731000012420,0.0
5473,09741000012421,-0.0
5474,09811000012422,0.0
5475,09821000012423,0.0
5476,09751000012424,0.0
5477,09771000012426,0.0
5478,09791000012428,0.0
5479,09831000012430,0.0
5512,10221000012469,-0.0
5513,10231000012470,-0.0
5482,09871000012434,-0.0
5483,09891000012436,0.0
5484,09901001012437,-0.0
5485,09911000012438,0.0
5486,09921001012439,-0.0
5487,09931000012440,0.0
5488,09941001012441,-0.0
5489,09971000012444,0.0
5490,09981000012445,-0.0
5491,09991000012446,0.0
5492,10001000012447,0.0
5493,10011000012448,0.0
5494,10021000012449,0.0
5495,10031000012450,0.0
5528,10431000012490,-0.0
5529,10461000012493,-0.0
5498,10061000012453,-0.0
5499,10091000012456,0.0
5500,10101000012457,0.0
5501,10111000012458,0.0
5502,10121000012459,0.0
5503,10131000012460,-0.0
5504,10141001012461,-0.0
5505,10151000012462,-0.0
5506,10161001012463,-0.0
5507,10171000012464,-0.0
5508,10181001012465,-0.0
5509,10191000012466,-0.0
5510,10201000012467,-0.0
5511,10211000012468,-0.0
5544,11121000012568,0.0
5545,11241000012580,0.0
5514,10241000012471,-0.0
5515,10251000012472,0.0
5516,10261000012473,-0.0
5517,10271001012474,-0.0
5518,10281000012475,0.0
5519,10291001012476,-0.0
5520,10301000012477,-0.0
5521,10311001012478,-0.0
5522,10321000012479,-0.0
5523,10351001012482,-0.0
5524,10361000012483,0.0
5525,10371001012484,-0.0
5526,10381000012485,-0.0
5527,10391001012486,-0.0
5560,11781000012634,0.0
5561,11821001012638,0.0
5530,10501000012497,-0.0
5531,09311005012506,0.0
5532,09321005012507,0.0
5533,10601000012513,-0.0
5534,10621000012515,0.0
5535,10871005012543,0.0
5536,10911002012547,-0.0
5537,10921002012548,-0.0
5538,10981005012554,0.0
5539,11001002012556,0.0
5540,11021001012558,-0.0
5541,11031001012559,0.0
5542,11041001012560,0.0
5543,11051001012561,0.0
5576,12041000012660,-0.0
5577,12061000012662,0.0
5546,11461000012602,-0.0
5547,11471000012603,-0.0
5548,11501001012606,0.0
5549,11531000012609,-0.0
5550,11541000012610,-0.0
5551,11561000012612,0.0
5552,11591000012615,-0.0
5553,11601004012616,0.0
5554,11651000012621,-0.0
5555,11661000012622,-0.0
5556,11681000012624,0.0
5557,11691005012625,0.0
5558,11741000012630,-0.0
5559,11761000012632,0.0
5592,12321000012688,-0.0
5593,12331005012689,-0.0
5562,11831000012639,0.0
5563,11841000012640,0.0
5564,11871000012643,-0.0
5565,11881000012644,-0.0
5566,11891000012645,-0.0
5567,11901000012646,-0.0
5568,11921001012648,0.0
5569,11931001012649,-0.0
5570,11941000012650,-0.0
5571,11961000012652,-0.0
5572,11981000012654,-0.0
5573,11991000012655,-0.0
5574,12011001012657,0.0
5575,12021000012658,-0.0
5608,12701000012726,-0.0
5609,12711000012727,-0.0
5578,12071000012663,-0.0
5579,12081001012664,-0.0
5580,12091000012665,-0.0
5581,12101000012666,-0.0
5582,12111000012667,-0.0
5583,12151002012671,-0.0
5584,12221005012678,0.0
5585,12231005012679,0.0
5586,12261000012682,-0.0
5587,12271000012683,0.0
5588,12281000012684,-0.0
5589,12291005012685,0.0
5590,12301005012686,0.0
5591,12311000012687,-0.0
5624,12901000012746,0.0
5625,12911005012747,0.0
5594,12341004012690,0.0
5595,12361000012692,0.0
5596,12371000012693,0.0
5597,12381000012694,0.0
5598,12401000012696,0.0
5599,12431000012699,-0.0
5600,12441000012700,0.0
5601,12451000012701,-0.0
5602,12471000012703,-0.0
5603,12511000012707,0.0
5604,12581000012714,-0.0
5605,12601000012716,-0.0
5606,12671000012723,-0.0
5607,12691000012725,-0.0
5640,13351004012791,0.0
5641,13361000012792,0.0
5610,12751000012731,-0.0
5611,12761000012732,-0.0
5612,12771000012733,0.0
5613,12781000012734,0.0
5614,12791000012735,-0.0
5615,12801000012736,0.0
5616,12811000012737,0.0
5617,12821000012738,0.0
5618,12831000012739,-0.0
5619,12841000012740,-0.0
5620,12851000012741,-0.0
5621,12861000012742,0.0
5622,12871000012743,0.0
5623,12881000012744,0.0
5656,13791000012835,0.0
5657,13801000012836,0.0
5626,12921005012748,-0.0
5627,12931004012749,0.0
5628,12961000012752,-0.0
5629,12971000012753,-0.0
5630,12981005012754,-0.0
5631,12991000012755,0.0
5632,13001000012756,0.0
5633,13011005012757,0.0
5634,13271000012783,0.0
5635,13281000012784,0.0
5636,13291000012785,0.0
5637,13321004012788,-0.0
5638,13331000012789,0.0
5639,13341004012790,0.0
5672,14131000012869,0.0
5673,14141000012870,-0.0
5642,13391005012795,-0.0
5643,13401005012796,0.0
5644,13411005012797,-0.0
5645,13431000012799,-0.0
5646,13441000012800,-0.0
5647,13621000012818,-0.0
5648,13641000012820,-0.0
5649,13661000012822,0.0
5650,13671000012823,0.0
5651,13681000012824,0.0
5652,13691000012825,0.0
5653,13701000012826,-0.0
5654,13711000012827,0.0
5655,13781000012834,0.0
5688,00331204012920,0.0
5689,00351205012922,0.0
5658,13821000012838,0.0
5659,13831000012839,0.0
5660,13901000012846,0.0
5661,13911000012847,0.0
5662,13921000012848,0.0
5663,13931000012849,0.0
5664,13981001012854,-0.0
5665,13991000012855,-0.0
5666,14001000012856,0.0
5667,14071000012863,-0.0
5668,14091000012865,-0.0
5669,14101000012866,0.0
5670,14111000012867,-0.0
5671,14121000012868,-0.0
5704,00531200012940,-0.0
5705,00561200012943,-0.0
5674,14151000012871,0.0
5675,14161000012872,-0.0
5676,14171000012873,0.0
5677,14201003012876,-0.0
5678,14311000012887,0.0
5679,00241200012911,0.0
5680,00251205012912,0.0
5681,00261200012913,0.0
5682,00271205012914,0.0
5683,00281200012915,0.0
5684,00291205012916,0.0
5685,00301200012917,0.0
5686,00311205012918,0.0
5687,00321200012919,-0.0
5720,00851200012973,0.0
5721,00861205012974,0.0
5690,00361200012923,-0.0
5691,00371205012924,0.0
5692,00381200012925,-0.0
5693,00391204012926,-0.0
5694,00401200012927,0.0
5695,00411200012928,0.0
5696,00421204012929,0.0
5697,00431200012930,0.0
5698,00461200012933,0.0
5699,00481200012935,0.0
5700,00491205012936,0.0
5701,00501201012937,0.0
5702,00511200012938,-0.0
5703,00521200012939,-0.0
5736,01491204013017,0.0
5737,01501204013018,0.0
5706,00571200012944,-0.0
5707,00581200012945,-0.0
5708,00631200012950,0.0
5709,00641200012951,0.0
5710,00661205012953,0.0
5711,00671204012954,0.0
5712,00681205012955,-0.0
5713,00691205012956,-0.0
5714,00721200012959,0.0
5715,00741200012961,0.0
5716,00811204012968,-0.0
5717,00821200012969,-0.0
5718,00831204012970,-0.0
5719,00841204012971,-0.0
5752,02041200013072,-0.0
5753,02051200013073,0.0
5722,00871203012975,0.0
5723,00881203012976,-0.0
5724,01081200012996,0.0
5725,01091200012997,0.0
5726,01101200012998,0.0
5727,01121201013000,0.0
5728,01131200013001,-0.0
5729,01151200013003,0.0
5730,01161200013004,0.0
5731,01171200013005,0.0
5732,01451200013013,0.0
5733,01461204013014,0.0
5734,01471204013015,0.0
5735,01481204013016,-0.0
5768,02371205013105,-0.0
5769,02391200013107,0.0
5738,01511204013019,-0.0
5739,01521204013020,-0.0
5740,01531204013021,0.0
5741,01541204013022,-0.0
5742,01561200013024,0.0
5743,01571200013025,-0.0
5744,01581200013026,0.0
5745,01591200013027,-0.0
5746,01601200013028,-0.0
5747,01611204013029,0.0
5748,01681204013036,0.0
5749,01711205013039,-0.0
5750,01721205013040,-0.0
5751,02031200013071,-0.0
5784,02841200013172,-0.0
5785,02851200013173,0.0
5754,02061205013074,0.0
5755,02071205013075,-0.0
5756,02081205013076,0.0
5757,02111200013079,-0.0
5758,02171200013085,0.0
5759,02191205013087,-0.0
5760,02201205013088,-0.0
5761,02211200013089,-0.0
5762,02221200013090,-0.0
5763,02241200013092,0.0
5764,02251205013093,-0.0
5765,02321200013100,0.0
5766,02331200013101,-0.0
5767,02341200013102,-0.0
5800,03371200013219,-0.0
5801,03381200013220,-0.0
5770,02421200013110,0.0
5771,02431200013111,0.0
5772,02441200013112,0.0
5773,02451200013113,0.0
5774,02461200013114,-0.0
5775,02471200013115,-0.0
5776,02481200013116,0.0
5777,02501200013118,0.0
5778,02781200013166,0.0
5779,02791205013167,0.0
5780,02801200013168,0.0
5781,02811200013169,0.0
5782,02821200013170,-0.0
5783,02831200013171,0.0
5816,03641200013252,0.0
5817,03671200013255,0.0
5786,02861200013174,-0.0
5787,02901201013177,0.0
5788,03041200013192,-0.0
5789,03051200013193,-0.0
5790,03071200013194,0.0
5791,03061200013195,-0.0
5792,03081200013196,0.0
5793,03091200013197,0.0
5794,03101200013198,-0.0
5795,03111200013199,-0.0
5796,03121200013200,0.0
5797,03131200013201,-0.0
5798,03351200013217,-0.0
5799,03361200013218,-0.0
5831,03901205013278,0.0
5832,03911204013279,0.0
5833,03921205013280,0.0
5802,03391200013221,-0.0
5803,03401200013222,-0.0
5804,03511200013239,-0.0
5806,03541200013242,-0.0
5807,03551200013243,-0.0
5808,03561200013244,-0.0
5809,03571200013245,0.0
5810,03581200013246,-0.0
5811,03591200013247,0.0
5812,03601200013248,0.0
5813,03611200013249,0.0
5814,03621200013250,-0.0
5815,03631200013251,0.0
5847,04341200013322,0.0
5848,04351201013323,0.0
5849,04361201013324,0.0
5818,03691200013257,0.0
5819,03701200013258,0.0
5820,03711200013259,0.0
5821,03731200013261,0.0
5822,03741200013262,0.0
5823,03761200013264,0.0
5824,03831205013271,0.0
5825,03841205013272,0.0
5826,03851204013273,0.0
5827,03861205013274,0.0
5828,03871200013275,0.0
5829,03891200013276,0.0
5830,03881205013277,0.0
5863,04591200013347,0.0
5864,04601205013348,0.0
5865,04621205013350,0.0
5834,03931200013281,0.0
5835,03941205013282,0.0
5836,03951204013283,0.0
5837,04101200013297,-0.0
5838,04111201013298,0.0
5839,04121200013299,0.0
5840,04131204013300,0.0
5841,04051204013301,-0.0
5842,04141200013302,-0.0
5843,04151200013303,-0.0
5844,04161205013304,-0.0
5845,04171204013305,0.0
5846,04331200013321,0.0
5879,04721205013365,0.0
5880,04731205013366,0.0
5881,04801205013368,-0.0
5850,04381200013326,-0.0
5851,04461200013334,-0.0
5852,04471204013335,-0.0
5853,04481200013336,-0.0
5854,04501200013338,0.0
5855,04511200013339,-0.0
5856,04521205013340,0.0
5857,04531204013341,0.0
5858,04541205013342,-0.0
5859,04551205013343,-0.0
5860,04561200013344,0.0
5861,04571205013345,0.0
5862,04581204013346,0.0
5895,05031204013391,0.0
5896,05041200013392,0.0
5897,05061205013394,0.0
5866,04631205013351,0.0
5867,04741200013352,-0.0
5868,04761205013354,-0.0
5869,04771204013355,0.0
5870,04781205013356,-0.0
5871,04641205013357,0.0
5872,04651204013358,0.0
5873,04661200013359,0.0
5874,04671205013360,0.0
5875,04681200013361,0.0
5876,04691204013362,-0.0
5877,04701205013363,0.0
5878,04711204013364,-0.0
5911,05271205013416,-0.0
5912,05281204013417,0.0
5913,05291200013418,0.0
5882,04811205013369,0.0
5883,04821205013370,0.0
5884,04831200013371,0.0
5885,04841200013372,-0.0
5886,04881200013376,0.0
5887,04901200013378,-0.0
5888,04941200013382,0.0
5889,04951205013383,0.0
5890,04971200013385,-0.0
5891,04991205013387,0.0
5892,05001205013388,0.0
5893,05011200013389,0.0
5894,05021205013390,0.0
5927,05571204013446,0.0
5928,05591205013447,-0.0
5929,05601204013448,0.0
5898,05071204013395,0.0
5899,05131200013401,-0.0
5900,05141205013402,-0.0
5901,05151204013403,0.0
5902,05161205013404,-0.0
5903,05181200013406,0.0
5904,05191205013407,0.0
5905,05201204013408,0.0
5906,05211205013409,0.0
5907,05221204013410,0.0
5908,05251205013413,0.0
5909,05311200013414,-0.0
5910,05261200013415,0.0
5943,05801200013468,0.0
5944,05811205013469,0.0
5945,05821204013470,0.0
5914,05301205013419,-0.0
5915,05321205013420,-0.0
5916,05431200013431,0.0
5917,05441200013432,0.0
5918,05451200013433,-0.0
5919,05461205013434,-0.0
5920,05501200013438,-0.0
5921,05521200013440,-0.0
5922,05531205013441,0.0
5923,05541204013442,0.0
5924,05551205013443,0.0
5925,05561200013444,-0.0
5926,05581200013445,-0.0
5959,06051200013493,0.0
5960,06061200013494,0.0
5961,06071200013495,0.0
5930,05611204013449,0.0
5931,05661200013454,-0.0
5932,05671200013455,-0.0
5933,05681200013456,-0.0
5934,05691200013457,-0.0
5935,05701200013458,0.0
5936,05711200013459,0.0
5937,05721200013460,0.0
5938,05731200013461,0.0
5939,05741200013462,0.0
5940,05751200013463,-0.0
5941,05761200013464,-0.0
5942,05791200013467,0.0
5975,06321200013520,0.0
5976,06331200013521,0.0
5977,06341200013522,0.0
5946,05851200013471,0.0
5947,05871200013475,0.0
5948,05881200013476,-0.0
5949,05891200013477,0.0
5950,05901200013478,-0.0
5951,05911203013479,-0.0
5952,05921203013480,0.0
5953,05931203013481,-0.0
5954,05941200013482,-0.0
5955,05951200013483,-0.0
5956,05961205013484,-0.0
5957,06031200013491,0.0
5958,06041200013492,0.0
5990,06561201013544,-0.0
63,02460100000226,-0.0
5993,06681204013556,-0.0
5962,06101200013498,0.0
5963,06111200013499,0.0
5964,06121200013500,0.0
5965,06171200013505,0.0
5966,06201200013508,0.0
5967,06241200013512,-0.0
5968,06251200013513,-0.0
5969,06261200013514,-0.0
5970,06271200013515,0.0
5971,06281200013516,-0.0
5972,06291200013517,-0.0
5973,06301200013518,-0.0
5974,06311200013519,-0.0
6006,07031200013591,0.0
6007,07041200013592,-0.0
6008,07051200013593,0.0
6009,07061200013594,-0.0
5978,06351200013523,0.0
5979,06361200013524,0.0
5980,06371200013525,-0.0
5981,06381200013526,0.0
5982,06391200013527,0.0
5983,06401200013528,0.0
5984,06411200013529,0.0
5985,06421204013530,-0.0
5986,06441204013532,0.0
5987,06461204013534,-0.0
5988,06541201013542,-0.0
5989,06551201013543,-0.0
6022,07221200013610,-0.0
6023,07231200013611,-0.0
6024,07261200013614,0.0
6025,07271204013615,0.0
5994,06771200013565,-0.0
5995,06861200013574,0.0
5996,06871200013575,0.0
5997,06881200013576,0.0
5998,06891200013577,0.0
5999,06901205013578,0.0
6000,06911204013579,0.0
6001,06951200013583,-0.0
6002,06981200013586,0.0
6003,06991204013587,0.0
6004,07001204013588,0.0
6005,07011200013589,-0.0
6037,07411201013629,-0.0
6038,07421201013630,-0.0
6039,07431200013631,-0.0
6040,07441200013632,0.0
6041,07451200013633,0.0
6010,07071200013595,-0.0
6011,07081200013596,-0.0
6012,07091200013597,0.0
6013,07101200013598,-0.0
6014,07121204013600,0.0
6015,07131204013601,0.0
6016,07141200013602,0.0
6017,07161200013604,0.0
6018,07171200013605,-0.0
6019,07181200013606,0.0
6021,07211200013609,-0.0
6053,07621201013650,0.0
6054,07631201013651,0.0
6055,07801205013659,0.0
6056,08151205013694,-0.0
6057,08161205013695,-0.0
6026,07281204013616,0.0
6027,07291204013617,0.0
6028,07301204013618,-0.0
6029,07311204013619,-0.0
6030,07321204013620,-0.0
6031,07331204013621,-0.0
6032,07341204013622,0.0
6033,07351204013623,0.0
6034,07381203013626,-0.0
6035,07391203013627,-0.0
6036,07401200013628,0.0
6069,08741204013762,0.0
6070,08751205013763,0.0
6071,08761205013764,0.0
6072,08831204013771,0.0
6073,08841204013772,-0.0
6042,07461200013634,0.0
6043,07471200013635,0.0
6044,07511200013639,0.0
6045,07531200013641,0.0
6046,07551201013643,0.0
6047,07561201013644,0.0
6048,07571201013645,0.0
6049,07581201013646,0.0
6050,07591201013647,0.0
6051,07601201013648,0.0
6052,07611201013649,0.0
6084,09011204013789,-0.0
6085,09021200013790,-0.0
6086,09031200013791,0.0
6087,09061205013794,-0.0
6088,09081200013796,0.0
6089,09091205013797,0.0
6058,08171205013696,-0.0
6060,08381201013717,0.0
6061,07691200013718,0.0
6062,07701205013719,0.0
6063,07721205013721,0.0
6064,08691205013757,-0.0
6065,08701205013758,-0.0
6066,08711204013759,-0.0
6067,08721205013760,0.0
6068,08731205013761,0.0
6100,09501200013822,-0.0
6101,09561200013828,-0.0
6102,09591200013831,0.0
6103,09631205013835,0.0
6104,09641200013836,0.0
6105,09651205013837,0.0
6074,08851204013773,-0.0
6075,08881204013776,-0.0
6076,08891204013777,0.0
6077,08901201013778,0.0
6078,08911201013779,0.0
6079,08921201013780,0.0
6080,08931201013781,0.0
6081,08941201013782,0.0
6082,08961201013784,0.0
6083,08981201013786,0.0
6116,09761201013857,0.0
6117,09771200013858,0.0
6118,09781201013859,0.0
6119,09791200013860,0.0
6120,09801201013861,0.0
6121,09831200013862,-0.0
6090,09111200013799,-0.0
6091,09121200013800,0.0
6092,09131200013801,-0.0
6093,09341200013806,-0.0
6094,09351200013807,-0.0
6095,09361205013808,0.0
6096,09371205013809,-0.0
6097,09441200013816,0.0
6098,09451200013817,0.0
6099,09471200013819,-0.0
6132,09961200013875,-0.0
6133,09981200013877,0.0
6134,09991200013878,0.0
6135,10001200013879,0.0
6136,10011200013880,0.0
6137,10021200013881,0.0
6106,09171204013841,0.0
6107,09691200013848,0.0
6108,09701200013849,0.0
6109,09711200013850,0.0
6110,09721200013851,0.0
6111,09731200013852,0.0
6112,09741200013853,-0.0
6113,09811200013854,0.0
6114,09821200013855,0.0
6115,09751200013856,0.0
6148,10141201013893,-0.0
6149,10151200013894,-0.0
6150,10161201013895,-0.0
6151,10171200013896,-0.0
6152,10181201013897,-0.0
6153,10191200013898,-0.0
6122,09841200013863,-0.0
6123,09851200013864,0.0
6124,09861200013865,0.0
6125,09871200013866,0.0
6126,09881200013867,0.0
6127,09891200013868,0.0
6128,09911200013870,0.0
6129,09921201013871,-0.0
6130,09931200013872,0.0
6131,09951200013874,-0.0
6164,10311201013910,-0.0
6165,10321200013911,-0.0
6166,10351201013914,-0.0
6167,10361200013915,0.0
6168,10371201013916,-0.0
6169,10381200013917,-0.0
6138,10031200013882,0.0
6139,10041200013883,0.0
6140,10051200013884,0.0
6141,10061200013885,0.0
6142,10081200013887,-0.0
6143,10091200013888,-0.0
6144,10101200013889,-0.0
6145,10111200013890,-0.0
6146,10121200013891,-0.0
6147,10131200013892,-0.0
6180,10881200013976,-0.0
6181,10921202013980,0.0
6182,10941202013982,-0.0
6183,10951200013983,-0.0
6184,10971205013985,0.0
6185,10981205013986,0.0
6154,10201200013899,-0.0
6155,10211200013900,-0.0
6156,10221200013901,-0.0
6157,10231200013902,0.0
6158,10241200013903,0.0
6159,10251200013904,-0.0
6160,10261200013905,-0.0
6161,10271201013906,-0.0
6162,10291201013908,-0.0
6163,10301200013909,-0.0
6195,11461200014034,0.0
6196,11471200014035,-0.0
6197,11481205014036,0.0
6198,11501201014038,-0.0
6199,11521200014040,-0.0
6200,11531200014041,-0.0
6201,11551200014043,-0.0
6170,10391201013918,-0.0
6172,10491200013928,0.0
6173,10501200013929,-0.0
6174,09311205013938,0.0
6175,09321205013939,0.0
6176,10601200013945,-0.0
6177,10611200013946,-0.0
6178,10621200013947,-0.0
6179,10871205013975,0.0
6211,11821201014070,0.0
6212,11831200014071,0.0
6213,11861200014074,0.0
6214,11871200014075,-0.0
6215,11881200014076,-0.0
6216,11891200014077,-0.0
6217,11901200014078,-0.0
6186,11021201013990,0.0
6187,11031201013991,0.0
6188,11041201013992,0.0
6189,11051201013993,0.0
6190,11121200014000,-0.0
6191,11241200014012,0.0
6192,11281205014016,0.0
6193,11431200014031,0.0
6194,11451200014033,-0.0
6227,12061200014094,-0.0
6228,12071200014095,-0.0
6229,12081201014096,0.0
6230,12091200014097,-0.0
6231,12101200014098,-0.0
6232,12111200014099,-0.0
6233,12151202014103,-0.0
6202,11591200014047,-0.0
6203,11601204014048,0.0
6204,11691205014057,-0.0
6205,11701200014058,0.0
6206,11731200014061,0.0
6207,11741200014062,-0.0
6208,11751200014063,-0.0
6209,11761200014064,-0.0
6210,11781200014066,0.0
6243,12321200014120,0.0
6244,12331205014121,-0.0
6245,12341204014122,0.0
6246,12351202014123,-0.0
6247,12361200014124,0.0
6248,12371200014125,0.0
6249,12381200014126,0.0
6218,11921201014080,0.0
6219,11931201014081,0.0
6220,11941200014082,-0.0
6221,11961200014084,-0.0
6222,11981200014086,-0.0
6223,11991200014087,-0.0
6224,12011201014089,0.0
6225,12021200014090,-0.0
6226,12041200014092,-0.0
6259,12601200014148,-0.0
6260,12671200014155,0.0
6261,12681205014156,0.0
6262,12691200014157,0.0
6263,12701200014158,0.0
6264,12711200014159,0.0
6265,12721204014160,-0.0
6234,12181200014106,-0.0
6235,12191202014107,-0.0
6236,12221205014110,0.0
6237,12231205014111,0.0
6238,12271200014115,-0.0
6239,12281200014116,-0.0
6240,12291205014117,-0.0
6241,12301205014118,-0.0
6242,12311200014119,-0.0
6275,12841200014172,0.0
6276,12851200014173,0.0
6277,12861200014174,0.0
6278,12871200014175,0.0
6279,12881200014176,0.0
6280,12901200014178,-0.0
6281,12911205014179,-0.0
6250,12401200014128,0.0
62,02440100000224,0.0
6252,12431200014131,0.0
6253,12441200014132,0.0
6254,12451200014133,-0.0
6255,12461200014134,0.0
6256,12511200014139,0.0
6257,12521204014140,0.0
6258,12581200014146,-0.0
6291,13271200014215,0.0
6292,13281200014216,0.0
6293,13291200014217,0.0
6294,13331200014221,0.0
6295,13341204014222,0.0
6296,13351204014223,0.0
6297,13361200014224,0.0
6266,12751200014163,-0.0
6267,12761200014164,-0.0
6268,12771200014165,0.0
6269,12781200014166,0.0
6270,12791200014167,0.0
6271,12801200014168,0.0
6272,12811200014169,0.0
6273,12821200014170,0.0
6274,12831200014171,0.0
6307,13661200014254,0.0
6308,13671200014255,0.0
6309,13681200014256,0.0
6310,13691200014257,0.0
6311,13701200014258,-0.0
6312,13731200014261,-0.0
6313,13741200014262,-0.0
6282,12921205014180,-0.0
6283,12931204014181,0.0
6284,12961200014184,-0.0
6285,12971200014185,-0.0
6286,12981205014186,-0.0
6287,12991200014187,-0.0
6288,13001200014188,-0.0
6289,13011205014189,-0.0
6290,13091200014197,-0.0
6323,13851200014273,0.0
6324,13861200014274,0.0
6325,13871200014275,0.0
6326,13881200014276,0.0
6327,13891200014277,0.0
6328,13901200014278,-0.0
6329,13911200014279,-0.0
6298,13391205014227,-0.0
6299,13401205014228,-0.0
6300,13411205014229,-0.0
6301,13431200014231,-0.0
6302,13441200014232,-0.0
6303,13621200014250,0.0
6304,13631200014251,-0.0
6305,13641200014252,0.0
6306,13651200014253,-0.0
6339,14161200014304,0.0
6340,14171200014305,0.0
6341,14201203014308,-0.0
6342,14311200014319,-0.0
6343,00251305014344,0.0
6344,00271305014346,0.0
6345,00281300014347,0.0
6314,13761200014264,-0.0
6315,13771200014265,0.0
6316,13781200014266,-0.0
6317,13791200014267,0.0
6318,13801200014268,0.0
6319,13811200014269,0.0
6320,13821200014270,0.0
6321,13831200014271,0.0
6322,13841200014272,0.0
6355,00411300014360,-0.0
6356,00421304014361,-0.0
6357,00431300014362,0.0
6358,00441300014363,-0.0
6359,00451304014364,0.0
6360,00461300014365,0.0
6361,00481300014367,0.0
6330,13921200014280,0.0
6331,13931200014281,0.0
6332,13981201014286,-0.0
6333,13991200014287,-0.0
6334,14071200014295,-0.0
6335,14091200014297,0.0
6336,14111200014299,0.0
6337,14131200014301,-0.0
6338,14141200014302,-0.0
6371,00581300014377,0.0
6372,00601300014379,0.0
6373,00611304014380,0.0
6374,00621300014381,0.0
6375,00631300014382,0.0
6376,00641300014383,0.0
6377,00661305014385,-0.0
6346,00291305014348,0.0
6347,00301300014349,0.0
6348,00311305014350,0.0
6349,00331304014352,-0.0
6350,00341300014353,-0.0
6351,00351305014354,0.0
6352,00361300014355,0.0
6353,00371305014356,0.0
6354,00381300014357,0.0
6387,00831304014402,0.0
6388,00851300014405,0.0
6389,00861305014406,0.0
6390,00871303014407,-0.0
6391,01081300014428,0.0
6392,01091300014429,0.0
6393,01101300014430,0.0
6362,00491305014368,0.0
6363,00501301014369,0.0
6364,00511300014370,-0.0
6365,00521300014371,0.0
6366,00531300014372,0.0
6367,00541301014373,0.0
6368,00551301014374,0.0
6369,00561300014375,-0.0
6370,00571300014376,-0.0
6403,01491304014449,-0.0
6404,01501304014450,-0.0
6405,01511304014451,0.0
6406,01521304014452,0.0
6407,01541304014454,0.0
6408,01551304014455,0.0
6409,01571300014457,-0.0
6378,00671304014386,0.0
6379,00691305014388,-0.0
6380,00721300014391,-0.0
6381,00731300014392,-0.0
6382,00751300014394,0.0
6383,00761304014395,0.0
6384,00791300014398,-0.0
6385,00811304014400,0.0
6386,00821300014401,0.0
6419,01721305014472,0.0
6420,02031300014503,-0.0
6421,02061305014506,-0.0
6422,02111300014511,-0.0
6423,02151300014515,0.0
6424,02191305014519,0.0
6425,02201305014520,0.0
6394,01121301014432,0.0
6395,01151300014435,0.0
6396,01161300014436,0.0
6397,01171300014437,0.0
6398,01441304014444,0.0
6399,01451300014445,-0.0
6400,01461304014446,-0.0
6401,01471304014447,0.0
6402,01481304014448,0.0
6435,02421300014542,0.0
6436,02431300014543,0.0
6437,02441300014544,0.0
6438,02451300014545,0.0
6439,02461300014546,-0.0
6440,02491300014549,0.0
6441,02501300014550,-0.0
6410,01591300014459,0.0
6411,01601300014460,-0.0
6412,01611304014461,0.0
6413,01651300014465,-0.0
6414,01661305014466,-0.0
6415,01671304014467,-0.0
6416,01691305014469,0.0
6417,01701304014470,0.0
6418,01711305014471,-0.0
6451,03071300014626,-0.0
6452,03061300014627,-0.0
6453,03081300014628,-0.0
6454,03091300014629,0.0
6455,03101300014630,-0.0
6456,03111300014631,0.0
6457,03121300014632,0.0
6426,02211300014521,-0.0
6427,02221300014522,-0.0
6428,02241300014524,0.0
6429,02251305014525,0.0
6430,02321300014532,-0.0
6431,02331300014533,-0.0
6432,02341300014534,-0.0
6433,02371305014537,-0.0
6434,02391300014539,-0.0
6467,03341300014648,0.0
6468,03351300014649,-0.0
6469,03361300014650,-0.0
6470,03371300014651,-0.0
6471,03381300014652,-0.0
6472,03391300014653,-0.0
6473,03401300014654,-0.0
6442,02781300014598,0.0
6443,02791305014599,-0.0
6444,02841300014604,-0.0
6445,02851300014605,0.0
6446,02861300014606,-0.0
6447,02871300014607,-0.0
6448,02881305014608,-0.0
6449,03041300014624,-0.0
6450,03051300014625,-0.0
6483,03611300014681,-0.0
6484,03621300014682,-0.0
6485,03631300014683,-0.0
6486,03641300014684,-0.0
6487,03651300014685,0.0
6488,03661300014686,0.0
6489,03671300014687,0.0
6458,03131300014633,-0.0
6459,03261300014640,-0.0
6460,03271300014641,-0.0
6461,03281300014642,-0.0
6462,03291300014643,-0.0
6463,03301300014644,-0.0
6464,03311300014645,-0.0
6465,03321300014646,0.0
6466,03331300014647,0.0
6499,03851304014705,0.0
6500,03861305014706,0.0
6501,03871300014707,-0.0
6502,03881305014709,0.0
6503,03901305014710,-0.0
6504,03911304014711,0.0
6505,03921305014712,0.0
6474,03511300014671,0.0
6475,03521300014672,-0.0
6476,03541300014674,0.0
6477,03551300014675,0.0
6478,03561300014676,0.0
6479,03571300014677,0.0
6480,03581300014678,0.0
6481,03591300014679,0.0
6482,03601300014680,-0.0
6515,04171304014737,0.0
6516,04331300014753,-0.0
6517,04341300014754,-0.0
6518,04351301014755,-0.0
6519,04361301014756,-0.0
6520,04391304014759,0.0
6521,04461300014766,-0.0
6490,03681300014688,0.0
6491,03691300014689,0.0
6492,03701300014690,0.0
6493,03731300014693,0.0
6494,03741300014694,0.0
6495,03761300014696,0.0
6496,03821300014702,0.0
6497,03831305014703,-0.0
6498,03841305014704,0.0
6531,04581304014778,0.0
6532,04601305014780,-0.0
6533,04621305014782,-0.0
6534,04631305014783,-0.0
6535,04741300014784,0.0
6536,04761305014786,-0.0
6537,04771304014787,0.0
6506,03931300014713,-0.0
6507,03941305014714,-0.0
6508,03951304014715,-0.0
6509,04101300014729,-0.0
6510,04111301014730,-0.0
6511,04121300014731,0.0
6512,04131304014732,0.0
6513,04141300014734,-0.0
6514,04161305014736,-0.0
6547,04801305014800,-0.0
6548,04811305014801,0.0
6549,04821305014802,0.0
6550,04831300014803,-0.0
6551,04841300014804,-0.0
6552,04851300014805,-0.0
6553,04861300014806,-0.0
6522,04471304014767,-0.0
6523,04481300014768,-0.0
6524,04501300014770,-0.0
6525,04511300014771,-0.0
6526,04521305014772,-0.0
6527,04531304014773,0.0
6528,04541305014774,-0.0
6529,04551305014775,-0.0
6530,04571305014777,-0.0
6563,05021305014822,-0.0
6564,05031304014823,0.0
6565,05041300014824,0.0
6566,05061305014826,-0.0
6567,05071304014827,0.0
6568,05131300014833,0.0
6569,05141305014834,-0.0
6538,04641305014789,-0.0
6539,04651304014790,0.0
6540,04671305014792,-0.0
6541,04691304014794,-0.0
6542,04701305014795,-0.0
6543,04711304014796,-0.0
6544,04721305014797,-0.0
6545,04731305014798,-0.0
6546,04791300014799,-0.0
6579,05311300014846,0.0
6580,05271305014848,-0.0
6581,05281304014849,0.0
6582,05301305014851,-0.0
6583,05321305014852,-0.0
6584,05431300014863,-0.0
6585,05441300014864,-0.0
6554,04881300014808,-0.0
6555,04891300014809,0.0
6556,04901300014810,0.0
6557,04941300014814,0.0
6558,04951305014815,0.0
6559,04971300014817,0.0
6560,04991305014819,-0.0
6561,05001305014820,0.0
6562,05011300014821,0.0
6595,05591305014879,-0.0
6596,05601304014880,0.0
6597,05611304014881,0.0
6598,05621301014882,0.0
6599,05631301014883,-0.0
6600,05641301014884,-0.0
6601,05661300014886,0.0
6570,05151304014835,0.0
6571,05161305014836,-0.0
6572,05171300014837,0.0
6573,05181300014838,0.0
6574,05191305014839,-0.0
6575,05201304014840,0.0
6576,05211305014841,-0.0
6577,05221304014842,0.0
6578,05251305014845,0.0
6611,05891300014909,0.0
6612,05911303014911,0.0
6613,05941300014914,0.0
6614,05951300014915,0.0
6615,06031300014923,0.0
6616,06041300014924,0.0
6617,06051300014925,0.0
6586,05451300014865,0.0
6587,05461305014866,0.0
6588,05511300014871,-0.0
6589,05521300014872,0.0
6590,05531305014873,0.0
6591,05541304014874,0.0
6592,05551305014875,0.0
6593,05561300014876,-0.0
6594,05571304014878,0.0
6627,06271300014947,0.0
6628,06281300014948,-0.0
6629,06311300014951,-0.0
6630,06321300014952,0.0
6631,06341300014954,0.0
6632,06351300014955,0.0
6633,06361300014956,0.0
6602,05671300014887,0.0
6603,05681300014888,-0.0
6604,05691300014889,0.0
6605,05721300014892,-0.0
6606,05741300014894,0.0
6607,05791300014899,0.0
6608,05811305014901,-0.0
6609,05821304014902,0.0
6610,05871300014907,0.0
6643,06551301014975,-0.0
6644,06561301014976,-0.0
6645,06571300014977,0.0
6646,06581300014978,-0.0
6647,06681304014988,0.0
6648,06771300014997,0.0
6649,06861300015006,-0.0
6618,06061300014926,0.0
6619,06091300014929,-0.0
6620,06101300014930,-0.0
6621,06111300014931,-0.0
6622,06121300014932,-0.0
6623,06231300014943,-0.0
6624,06241300014944,-0.0
6625,06251300014945,-0.0
6626,06261300014946,0.0
6659,07041300015024,-0.0
6660,07051300015025,0.0
6661,07061300015026,-0.0
6662,07081300015028,0.0
6663,07101300015030,-0.0
6664,07121304015032,0.0
6665,07131304015033,0.0
6634,06371300014957,0.0
6635,06381300014958,0.0
6636,06391300014959,0.0
6637,06401300014960,0.0
6638,06411300014961,-0.0
6639,06421304014962,-0.0
6640,06461304014966,-0.0
6641,06531304014973,0.0
6642,06541301014974,-0.0
6675,07261300015046,0.0
6676,07271304015047,0.0
6677,07281304015048,-0.0
6678,07291304015049,-0.0
6679,07301304015050,0.0
6680,07311304015051,-0.0
6681,07321304015052,0.0
6650,06871300015007,0.0
6651,06881300015008,0.0
6652,06901305015010,-0.0
6653,06911304015011,0.0
6654,06951300015015,-0.0
6655,06991304015019,0.0
6656,07001304015020,0.0
6657,07011300015021,-0.0
6658,07021300015022,-0.0
6691,07421301015062,-0.0
6692,07431300015063,-0.0
6693,07441300015064,0.0
6694,07451300015065,0.0
6695,07461300015066,0.0
6696,07471300015067,0.0
6697,07521300015072,-0.0
6666,07141300015034,-0.0
6667,07151300015035,-0.0
6668,07161300015036,0.0
6669,07171300015037,-0.0
6670,07181300015038,0.0
6671,07191300015039,-0.0
6672,07211300015041,-0.0
6673,07231300015043,-0.0
6674,07251300015045,-0.0
6707,07681300015088,0.0
6708,07801305015091,0.0
6709,08141305015125,-0.0
6710,08151305015126,-0.0
6711,08171305015128,-0.0
6712,08371305015148,0.0
6713,07691300015150,0.0
6682,07331304015053,-0.0
6683,07341304015054,0.0
6684,07351304015055,0.0
6685,07361300015056,0.0
6686,07371300015057,0.0
6687,07381303015058,-0.0
6688,07391303015059,0.0
6689,07401300015060,0.0
6690,07411301015061,-0.0
6723,08761305015196,-0.0
6724,08801300015200,0.0
6725,08811304015201,0.0
6726,08821304015202,0.0
6727,08831304015203,-0.0
6728,08841304015204,0.0
6729,08851304015205,0.0
6698,07551301015075,0.0
6699,07561301015076,0.0
6700,07571301015077,0.0
6701,07581301015078,0.0
6702,07591301015079,0.0
6703,07601301015080,0.0
6704,07611301015081,0.0
6705,07621301015082,0.0
6706,07631301015083,0.0
6739,08951300015215,0.0
6740,08961301015216,0.0
6741,08981301015218,0.0
6742,09001305015220,-0.0
6743,09011304015221,-0.0
6744,09041300015224,0.0
6745,09051300015225,0.0
6714,07701305015151,0.0
6715,07721305015153,0.0
6716,08691305015189,-0.0
6717,08701305015190,-0.0
6718,08711304015191,-0.0
6719,08721305015192,0.0
6720,08731305015193,0.0
6721,08741304015194,-0.0
6722,08751305015195,-0.0
6755,09371305015241,-0.0
6756,09441300015248,0.0
6757,09471300015251,-0.0
6758,09481300015252,0.0
6759,09491300015253,-0.0
6760,09501300015254,-0.0
6761,09561300015260,0.0
6730,08861304015206,0.0
6731,08871304015207,-0.0
6732,08881304015208,-0.0
6733,08891304015209,-0.0
6734,08901301015210,0.0
6735,08911301015211,0.0
6736,08921301015212,0.0
6737,08931301015213,0.0
6738,08941301015214,0.0
6771,09721300015283,0.0
6772,09731300015284,0.0
6773,09741300015285,-0.0
6774,09811300015286,0.0
6775,09821300015287,0.0
6776,09751300015288,0.0
6777,09761301015289,-0.0
6746,09061305015226,0.0
6747,09081300015228,-0.0
6748,09091305015229,-0.0
6749,09111300015231,0.0
6750,09121300015232,0.0
6751,09131300015233,-0.0
6752,09341300015238,0.0
6753,09351300015239,0.0
6754,09361305015240,-0.0
6787,09881300015299,0.0
6788,09891300015300,0.0
6789,09901301015301,-0.0
6790,09911300015302,0.0
6791,09921301015303,-0.0
6792,09931300015304,0.0
6793,09941301015305,-0.0
6762,09631305015267,0.0
6763,09641300015268,-0.0
6764,09651305015269,-0.0
6765,09661305015270,0.0
6766,09671301015271,0.0
6767,09171304015273,-0.0
6768,09691300015280,0.0
6769,09701300015281,0.0
6770,09711300015282,0.0
6803,10041300015315,0.0
6804,10051300015316,-0.0
6805,10061300015317,0.0
6806,10071300015318,-0.0
6807,10081300015319,-0.0
6808,10091300015320,-0.0
6809,10101300015321,-0.0
6778,09771300015290,0.0
6779,09781301015291,-0.0
6780,09791300015292,0.0
6781,09801301015293,-0.0
6782,09831300015294,0.0
6783,09841300015295,0.0
6784,09851300015296,0.0
6785,09861300015297,0.0
6786,09871300015298,0.0
6819,10201300015331,-0.0
6820,10221300015333,-0.0
6821,10231300015334,-0.0
6822,10241300015335,-0.0
6823,10251300015336,-0.0
6824,10261300015337,-0.0
6825,10271301015338,-0.0
6794,09951300015306,0.0
6795,09961300015307,0.0
6796,09971300015308,0.0
6797,09981300015309,0.0
6798,09991300015310,0.0
6799,10001300015311,0.0
6800,10011300015312,0.0
6801,10021300015313,0.0
6802,10031300015314,0.0
6834,10381300015349,0.0
6835,10391301015350,-0.0
6836,10421305015353,0.0
6837,10451300015356,-0.0
6839,10481300015359,0.0
6840,10501300015361,0.0
6841,09311305015370,0.0
6810,10111300015322,-0.0
6811,10121300015323,-0.0
6812,10131300015324,-0.0
6813,10141301015325,-0.0
6814,10151300015326,-0.0
6815,10161301015327,-0.0
6816,10171300015328,-0.0
6817,10181301015329,-0.0
6818,10191300015330,-0.0
6850,10971305015417,-0.0
6851,10981305015418,-0.0
6852,11021301015422,0.0
6853,11031301015423,0.0
6854,11041301015424,0.0
6855,11051301015425,0.0
6856,11241300015444,-0.0
6857,11281305015448,0.0
6826,10281300015339,-0.0
6827,10291301015340,-0.0
6828,10301300015341,0.0
6829,10311301015342,-0.0
6830,10321300015343,-0.0
6831,10351301015346,-0.0
6832,10361300015347,-0.0
6833,10371301015348,-0.0
6866,11531300015473,-0.0
6867,11541300015474,0.0
6868,11551300015475,-0.0
6869,11561300015476,0.0
6870,11591300015479,-0.0
6871,11601304015480,0.0
6872,11651300015485,-0.0
6873,11661300015486,-0.0
6842,09321305015371,0.0
6843,10601300015377,-0.0
6844,10611300015378,-0.0
6845,10621300015379,-0.0
6846,10631300015380,-0.0
6847,10591300015386,-0.0
6848,10871305015407,0.0
6849,10921302015412,-0.0
6882,11781300015498,0.0
6883,11821301015502,0.0
6884,11831300015503,0.0
6885,11841300015504,0.0
6886,11871300015507,0.0
6887,11881300015508,0.0
6888,11891300015509,0.0
6889,11901300015510,0.0
6858,11431300015463,0.0
6859,11441300015464,0.0
6860,11451300015465,-0.0
6861,11461300015466,-0.0
6862,11471300015467,-0.0
6863,11481305015468,0.0
6864,11501301015470,-0.0
6865,11521300015472,0.0
6898,12041300015524,0.0
6899,12061300015526,-0.0
6900,12071300015527,-0.0
6901,12081301015528,-0.0
6902,12091300015529,-0.0
6903,12101300015530,-0.0
6904,12111300015531,-0.0
6905,12151302015535,-0.0
6874,11681300015488,0.0
6875,11691305015489,-0.0
6876,11711300015491,0.0
6877,11731300015493,0.0
6878,11741300015494,-0.0
6879,11751300015495,0.0
6880,11761300015496,0.0
6881,11771300015497,0.0
6914,12361300015556,0.0
6915,12371300015557,0.0
6916,12381300015558,0.0
6917,12401300015560,-0.0
6918,12421300015562,-0.0
6919,12431300015563,-0.0
6920,12441300015564,-0.0
6921,12451300015565,-0.0
6890,11921301015512,-0.0
6891,11931301015513,0.0
6892,11941300015514,0.0
6893,11961300015516,0.0
6894,11981300015518,-0.0
6895,11991300015519,0.0
6896,12011301015521,0.0
6897,12021300015522,0.0
6930,12711300015591,0.0
6931,12751300015595,-0.0
6932,12761300015596,-0.0
6933,12771300015597,0.0
6934,12781300015598,0.0
6935,12791300015599,0.0
6936,12801300015600,0.0
6937,12811300015601,0.0
6906,12221305015542,-0.0
6907,12231305015543,-0.0
6908,12291305015549,-0.0
6909,12301305015550,-0.0
6910,12311300015551,-0.0
6911,12331305015553,-0.0
6912,12341304015554,-0.0
6913,12351302015555,-0.0
6946,12911305015611,-0.0
6947,12921305015612,-0.0
6948,12931304015613,-0.0
6949,12961300015616,0.0
6950,12971300015617,0.0
6951,12981305015618,-0.0
6952,12991300015619,-0.0
6953,13001300015620,-0.0
6922,12511300015571,0.0
6923,12521304015572,-0.0
6924,12581300015578,-0.0
6925,12601300015580,-0.0
6926,12671300015587,-0.0
6927,12681305015588,-0.0
6928,12691300015589,0.0
6929,12701300015590,0.0
6962,13341304015654,0.0
6963,13351304015655,0.0
6964,13361300015656,0.0
6965,13371300015657,0.0
6966,13391305015659,-0.0
6967,13401305015660,-0.0
6968,13411305015661,-0.0
6969,13431300015663,-0.0
6938,12821300015602,0.0
6939,12831300015603,0.0
6940,12841300015604,0.0
6941,12851300015605,0.0
6942,12861300015606,0.0
6943,12871300015607,0.0
6944,12881300015608,0.0
6945,12901300015610,-0.0
6978,13691300015689,0.0
6979,13731300015693,-0.0
6980,13741300015694,0.0
6981,13751300015695,-0.0
6982,13771300015697,0.0
6983,13781300015698,-0.0
6984,13801300015700,0.0
6985,13821300015702,0.0
6954,13011305015621,-0.0
6955,13021300015622,0.0
6956,13031305015623,0.0
6957,13271300015647,0.0
6958,13281300015648,0.0
6959,13291300015649,0.0
6960,13321304015652,0.0
6961,13331300015653,0.0
6994,13991300015719,-0.0
6995,14061300015726,-0.0
6996,14071300015727,-0.0
6997,14081300015728,-0.0
6998,14101300015730,0.0
6999,14111300015731,0.0
7000,14121300015732,0.0
7001,14201303015740,-0.0
6970,13441300015664,-0.0
6971,13621300015682,0.0
6972,13631300015683,0.0
6973,13641300015684,0.0
6974,13651300015685,0.0
6975,13661300015686,0.0
6976,13671300015687,0.0
6977,13681300015688,0.0
7010,00341400015785,-0.0
7011,00351405015786,-0.0
7012,00361400015787,-0.0
7013,00371405015788,-0.0
7014,00401400015791,-0.0
7015,00411400015792,0.0
7016,00421404015793,0.0
7017,00461400015797,-0.0
6986,13831300015703,0.0
6987,13861300015706,0.0
6988,13871300015707,0.0
6989,13881300015708,0.0
6990,13891300015709,0.0
6991,13921300015712,-0.0
6992,13931300015713,-0.0
6993,13981301015718,-0.0
7026,00601400015811,0.0
7027,00611404015812,0.0
7028,00621400015813,0.0
7029,00631400015814,0.0
61,02430100000223,0.0
7031,00661405015817,0.0
7032,00671404015818,0.0
7033,00681405015819,-0.0
7002,14311300015751,-0.0
7003,00251405015776,-0.0
7004,00271405015778,-0.0
7005,00281400015779,-0.0
7006,00291405015780,-0.0
7007,00301400015781,-0.0
7008,00311405015782,-0.0
7009,00331404015784,-0.0
7042,00821400015833,-0.0
7043,00851400015837,0.0
7044,00861405015838,0.0
7045,00881403015840,-0.0
7046,01081400015860,0.0
7047,01091400015861,0.0
7048,01101400015862,0.0
7049,01131400015865,0.0
7018,00471405015798,-0.0
7019,00481400015799,0.0
7020,00501401015801,0.0
7021,00511400015802,0.0
7022,00521400015803,0.0
7023,00561400015807,-0.0
7024,00571400015808,-0.0
7025,00581400015809,0.0
7058,01501404015882,0.0
7059,01511404015883,0.0
7060,01531404015885,0.0
7061,01541404015886,0.0
7062,01551404015887,0.0
7063,01561400015888,0.0
7064,01571400015889,0.0
7065,01581400015890,0.0
7034,00691405015820,-0.0
7035,00701405015821,-0.0
7036,00721400015823,-0.0
7037,00731400015824,-0.0
7038,00741400015825,0.0
7039,00751400015826,0.0
7040,00761404015827,0.0
7041,00811404015832,0.0
7074,02071405015939,0.0
7075,02081405015940,0.0
7076,02111400015943,-0.0
7077,02171400015949,0.0
7078,02191405015951,-0.0
7079,02201405015952,-0.0
7080,02211400015953,0.0
7081,02221400015954,-0.0
7050,01151400015867,0.0
7051,01161400015868,0.0
7052,01171400015869,0.0
7053,01451400015877,0.0
7054,01461404015878,0.0
7055,01471404015879,0.0
7056,01481404015880,-0.0
7057,01491404015881,0.0
7090,02451400015977,-0.0
7091,02461400015978,-0.0
7092,02471400015979,-0.0
7093,02501400015982,0.0
7094,02781400016030,-0.0
7095,02791405016031,-0.0
7096,02841400016036,-0.0
7097,02851400016037,-0.0
7066,01591400015891,0.0
7067,01601400015892,0.0
7068,01611404015893,0.0
7069,01681404015900,0.0
7070,01711405015903,-0.0
7071,01721405015904,-0.0
7072,02041400015936,0.0
7073,02051400015937,0.0
7106,03101400016062,-0.0
7107,03111400016063,-0.0
7108,03121400016064,-0.0
7109,03131400016065,-0.0
7110,03261400016072,0.0
7111,03271400016073,0.0
7112,03281400016074,0.0
7113,03321400016078,-0.0
7082,02251405015957,-0.0
7083,02331400015965,-0.0
7084,02341400015966,-0.0
7085,02371405015969,-0.0
7086,02391400015971,-0.0
7087,02421400015974,0.0
7088,02431400015975,0.0
7089,02441400015976,0.0
7122,03541400016106,0.0
7123,03551400016107,0.0
7124,03561400016108,0.0
7125,03571400016109,0.0
7126,03581400016110,0.0
7127,03591400016111,0.0
7128,03601400016112,-0.0
7129,03611400016113,-0.0
7098,02861400016038,-0.0
7099,02901401016041,-0.0
7100,03041400016056,0.0
7101,03051400016057,0.0
7102,03071400016058,0.0
7103,03061400016059,-0.0
7104,03081400016060,-0.0
7105,03091400016061,-0.0
7138,03831405016135,-0.0
7139,03841405016136,-0.0
7140,03851404016137,-0.0
7141,03861405016138,-0.0
7142,03871400016139,-0.0
7143,03881405016141,-0.0
7144,03901405016142,-0.0
7145,03911404016143,-0.0
7114,03331400016079,-0.0
7115,03341400016080,-0.0
7116,03351400016081,-0.0
7117,03361400016082,-0.0
7118,03371400016083,-0.0
7119,03381400016084,-0.0
7120,03401400016086,-0.0
7121,03511400016103,-0.0
7154,04051404016165,0.0
7155,04141400016166,-0.0
7156,04161405016168,-0.0
7157,04171404016169,-0.0
7158,04331400016185,-0.0
7159,04341400016186,-0.0
7160,04371400016189,-0.0
7161,04381400016190,0.0
7130,03621400016114,-0.0
7131,03631400016115,-0.0
7132,03641400016116,-0.0
7133,03661400016118,0.0
7134,03671400016119,-0.0
7135,03681400016120,-0.0
7136,03761400016128,0.0
7137,03821400016134,0.0
7170,04511400016203,-0.0
7171,04521405016204,-0.0
7172,04531404016205,-0.0
7173,04541405016206,-0.0
7174,04551405016207,-0.0
7175,04571405016209,-0.0
7176,04581404016210,-0.0
7177,04601405016212,-0.0
7146,03921405016144,-0.0
7147,03931400016145,-0.0
7148,03941405016146,-0.0
7149,03951404016147,-0.0
7150,04101400016161,-0.0
7151,04111401016162,-0.0
7152,04121400016163,0.0
7153,04131404016164,0.0
7186,04671405016224,-0.0
7187,04691404016226,-0.0
7188,04701405016227,-0.0
7189,04711404016228,-0.0
7190,04721405016229,-0.0
7191,04731405016230,-0.0
7192,04791400016231,-0.0
7193,04801405016232,-0.0
7162,04391404016191,0.0
7163,04411405016193,0.0
7164,04441400016196,-0.0
7165,04451405016197,-0.0
7166,04461400016198,-0.0
7167,04471404016199,-0.0
7168,04481400016200,-0.0
7169,04501400016202,-0.0
7202,04901400016242,-0.0
7203,04951405016247,-0.0
7204,04971400016249,0.0
7205,04991405016251,-0.0
7206,05001405016252,0.0
7207,05011400016253,0.0
7208,05021405016254,-0.0
7209,05031404016255,-0.0
7178,04621405016214,-0.0
7179,04631405016215,-0.0
7180,04741400016216,-0.0
7181,04761405016218,-0.0
7182,04771404016219,-0.0
7183,04781405016220,-0.0
7184,04641405016221,-0.0
7185,04651404016222,-0.0
7218,05181400016270,-0.0
7219,05191405016271,-0.0
7220,05201404016272,-0.0
7221,05211405016273,-0.0
7222,05221404016274,-0.0
7223,05251405016277,0.0
7224,05311400016278,0.0
7225,05271405016280,-0.0
7194,04811405016233,-0.0
7195,04821405016234,-0.0
7196,04831400016235,0.0
7197,04841400016236,-0.0
7198,04851400016237,0.0
7199,04861400016238,0.0
7200,04881400016240,-0.0
7201,04891400016241,-0.0
7234,05511400016303,-0.0
7235,05521400016304,-0.0
7236,05531405016305,-0.0
7237,05541404016306,-0.0
7238,05551405016307,-0.0
7239,05561400016308,-0.0
7240,05571404016310,-0.0
7241,05591405016311,-0.0
7210,05041400016256,0.0
7211,05061405016258,-0.0
7212,05071404016259,-0.0
7213,05131400016265,0.0
7214,05141405016266,-0.0
7215,05151404016267,-0.0
7216,05161405016268,-0.0
7217,05171400016269,-0.0
7250,05721400016324,0.0
7251,05731400016325,0.0
7252,05741400016326,-0.0
7253,05751400016327,-0.0
7254,05761400016328,-0.0
7255,05771405016329,0.0
7256,05781405016330,0.0
7257,05791400016331,0.0
7226,05281404016281,-0.0
7227,05301405016283,-0.0
7228,05321405016284,-0.0
7229,05431400016295,0.0
7230,05441400016296,0.0
7231,05451400016297,-0.0
7232,05461405016298,-0.0
7233,05501400016302,-0.0
7266,05921403016344,0.0
7267,05931403016345,0.0
7268,05941400016346,0.0
7269,05951400016347,0.0
7270,05961405016348,0.0
7271,06031400016355,0.0
7272,06041400016356,-0.0
7273,06051400016357,-0.0
7242,05601404016312,-0.0
7243,05611404016313,-0.0
7244,05661400016318,0.0
7245,05671400016319,0.0
7246,05681400016320,-0.0
7247,05691400016321,-0.0
7248,05701400016322,0.0
7249,05711400016323,0.0
7282,06241400016376,-0.0
7283,06251400016377,-0.0
7284,06261400016378,0.0
7285,06271400016379,0.0
7286,06281400016380,-0.0
7287,06291400016381,-0.0
7288,06301400016382,-0.0
7289,06311400016383,-0.0
7258,05811405016333,-0.0
7259,05821404016334,-0.0
7260,05831400016336,0.0
7261,05841400016337,0.0
7262,05881400016340,-0.0
7263,05891400016341,-0.0
7264,05901400016342,-0.0
7265,05911403016343,0.0
7298,06411400016393,-0.0
7299,06421404016394,-0.0
7300,06461404016398,-0.0
7301,06531404016405,0.0
7302,06541401016406,-0.0
7303,06551401016407,-0.0
7304,06561401016408,-0.0
7305,06571400016409,0.0
7274,06061400016358,-0.0
7275,06071400016359,-0.0
7276,06081400016360,-0.0
7277,06091400016361,0.0
7278,06101400016362,-0.0
7279,06111400016363,-0.0
7280,06121400016364,-0.0
7281,06231400016375,-0.0
7314,06941405016446,0.0
7315,06951400016447,0.0
7316,06971400016449,-0.0
7317,06981400016450,-0.0
7318,06991404016451,-0.0
7319,07001404016452,-0.0
7320,07011400016453,0.0
7321,07021400016454,-0.0
7290,06321400016384,0.0
7291,06331400016385,0.0
7292,06341400016386,0.0
7293,06351400016387,-0.0
7294,06361400016388,-0.0
7295,06381400016390,0.0
7296,06391400016391,-0.0
7297,06401400016392,0.0
7330,07131404016465,-0.0
7331,07141400016466,0.0
7332,07151400016467,0.0
7333,07161400016468,0.0
7334,07171400016469,-0.0
7335,07181400016470,-0.0
7336,07191400016471,0.0
7337,07201400016472,0.0
7306,06581400016410,-0.0
7307,06601405016412,-0.0
7308,06681404016420,-0.0
7309,06861400016438,-0.0
7310,06881400016440,0.0
7311,06901405016442,-0.0
7312,06911404016443,-0.0
7313,06931400016445,0.0
7346,07311404016483,-0.0
7347,07331404016485,-0.0
7348,07341404016486,0.0
7349,07351404016487,0.0
7350,07361400016488,0.0
7351,07371400016489,0.0
7352,07381403016490,-0.0
7353,07391403016491,0.0
7322,07031400016455,0.0
7323,07041400016456,-0.0
7324,07051400016457,-0.0
7325,07061400016458,-0.0
7326,07071400016459,0.0
7327,07081400016460,-0.0
7328,07101400016462,-0.0
7329,07121404016464,-0.0
7362,07511400016503,-0.0
7363,07521400016504,-0.0
7364,07531400016505,-0.0
7365,07551401016507,0.0
7366,07561401016508,0.0
7367,07571401016509,0.0
7368,07581401016510,0.0
7369,07591401016511,0.0
7338,07211400016473,-0.0
7339,07231400016475,-0.0
7340,07251400016477,-0.0
7341,07261400016478,0.0
7342,07271404016479,0.0
7343,07281404016480,0.0
7344,07291404016481,-0.0
7345,07301404016482,0.0
7378,08361400016579,-0.0
7379,08381401016581,0.0
7380,07691400016582,0.0
7381,07701405016583,0.0
7382,07721405016585,-0.0
7383,08691405016621,-0.0
7384,08701405016622,-0.0
7385,08711404016623,-0.0
7354,07401400016492,0.0
7355,07411401016493,-0.0
7356,07421401016494,-0.0
7357,07431400016495,0.0
7358,07441400016496,0.0
7359,07451400016497,0.0
7360,07461400016498,0.0
7361,07471400016499,0.0
7394,08841404016636,0.0
7395,08851404016637,-0.0
7396,08861404016638,0.0
7397,08871404016639,0.0
7398,08881404016640,0.0
7399,08891404016641,-0.0
7400,08901401016642,0.0
7401,08911401016643,0.0
7370,07601401016512,0.0
7371,07611401016513,0.0
7372,07621401016514,0.0
7373,07631401016515,0.0
7374,08141405016557,0.0
7375,08151405016558,-0.0
7376,08171405016560,-0.0
7377,08281405016571,-0.0
7410,09021400016654,-0.0
7411,09031400016655,0.0
7412,09041400016656,-0.0
7413,09121400016664,-0.0
7414,09131400016665,-0.0
7415,09331400016669,-0.0
7416,09341400016670,-0.0
7417,09351400016671,-0.0
7386,08721405016624,0.0
7387,08731405016625,0.0
7388,08741404016626,0.0
7389,08751405016627,-0.0
7390,08761405016628,-0.0
7391,08801400016632,0.0
7392,08811404016633,0.0
7393,08821404016634,0.0
7426,09521400016688,-0.0
7427,09561400016692,0.0
7428,09631405016699,-0.0
7429,09641400016700,-0.0
7430,09651405016701,-0.0
7431,09671401016703,-0.0
7432,09171404016705,0.0
7433,09691400016712,0.0
7402,08921401016644,0.0
7403,08931401016645,0.0
7404,08941401016646,0.0
7405,08951400016647,0.0
7406,08961401016648,0.0
7407,08981401016650,0.0
7408,09001405016652,-0.0
7409,09011404016653,-0.0
7442,09761401016721,0.0
7443,09771400016722,0.0
7444,09781401016723,0.0
7445,09791400016724,0.0
7446,09801401016725,0.0
7447,09831400016726,0.0
7448,09841400016727,0.0
7449,09851400016728,0.0
7418,09361405016672,-0.0
7419,09441400016680,-0.0
7420,09451400016681,0.0
7421,09471400016683,-0.0
7422,09481400016684,0.0
7423,09491400016685,-0.0
7424,09501400016686,-0.0
7425,09511400016687,-0.0
7458,09941401016737,0.0
7459,09951400016738,0.0
7460,09961400016739,0.0
7461,09971400016740,0.0
7462,09981400016741,0.0
7463,09991400016742,0.0
7464,10001400016743,0.0
7465,10011400016744,0.0
7434,09701400016713,-0.0
7435,09711400016714,0.0
7436,09721400016715,0.0
7437,09731400016716,0.0
7438,09741400016717,0.0
7439,09811400016718,0.0
7440,09821400016719,0.0
7441,09751400016720,0.0
7474,10121400016755,-0.0
7475,10131400016756,-0.0
7476,10141401016757,-0.0
7477,10151400016758,-0.0
7478,10161401016759,-0.0
7479,10171400016760,-0.0
7480,10181401016761,-0.0
7481,10191400016762,-0.0
7450,09861400016729,0.0
7451,09871400016730,0.0
7452,09881400016731,0.0
7453,09891400016732,0.0
7454,09901401016733,0.0
7455,09911400016734,0.0
7456,09921401016735,0.0
7457,09931400016736,0.0
7489,10301400016773,0.0
7490,10311401016774,-0.0
7491,10321400016775,-0.0
7492,10361400016779,0.0
7493,10371401016780,-0.0
7494,10381400016781,-0.0
7495,10391401016782,-0.0
7496,10401405016783,0.0
7466,10021400016745,0.0
7467,10031400016746,-0.0
7468,10041400016747,0.0
7469,10071400016750,-0.0
7470,10081400016751,-0.0
7471,10091400016752,-0.0
7472,10101400016753,-0.0
7473,10111400016754,-0.0
7505,10771400016829,-0.0
7506,10871405016839,0.0
7507,10921402016844,0.0
7508,10941402016846,-0.0
7509,10951400016847,-0.0
7510,10971405016849,0.0
7511,10981405016850,-0.0
7512,11021401016854,0.0
7513,11031401016855,0.0
7482,10201400016763,-0.0
7483,10221400016765,-0.0
7484,10231400016766,-0.0
7485,10241400016767,-0.0
7486,10251400016768,-0.0
7487,10261400016769,-0.0
7488,10291401016772,-0.0
7521,11451400016897,-0.0
7522,11461400016898,-0.0
7523,11471400016899,-0.0
7524,11481405016900,0.0
7525,11511401016903,0.0
7526,11521400016904,0.0
7527,11531400016905,-0.0
7528,11541400016906,0.0
7529,11551400016907,0.0
7498,10501400016793,-0.0
7499,09311405016802,0.0
7500,09321405016803,0.0
7501,10601400016809,-0.0
7502,10611400016810,-0.0
7503,10631400016812,-0.0
7504,10681400016820,0.0
7537,11701400016922,-0.0
7538,11731400016925,0.0
7539,11741400016926,-0.0
7540,11751400016927,0.0
7541,11761400016928,0.0
7542,11771400016929,0.0
7543,11781400016930,0.0
7544,11821401016934,0.0
7545,11831400016935,0.0
7514,11041401016856,0.0
7515,11051401016857,0.0
7516,11121400016864,-0.0
7517,11241400016876,-0.0
7518,11281405016880,0.0
7519,11431400016895,0.0
7520,11441400016896,-0.0
7553,12021400016954,0.0
7554,12041400016956,-0.0
7555,12061400016958,-0.0
7556,12111400016963,-0.0
7557,12151402016967,0.0
7558,12171402016969,-0.0
7559,12181400016970,-0.0
7560,12191402016971,-0.0
7561,12221405016974,-0.0
7530,11561400016908,0.0
7531,11591400016911,-0.0
7532,11651400016917,-0.0
7533,11661400016918,-0.0
7534,11671405016919,-0.0
7535,11681400016920,0.0
7536,11691405016921,-0.0
7569,12341404016986,-0.0
7570,12351402016987,0.0
7571,12361400016988,0.0
7572,12371400016989,0.0
7573,12381400016990,0.0
7574,12401400016992,-0.0
7575,12421400016994,0.0
7576,12431400016995,0.0
7577,12441400016996,0.0
7546,11901400016942,-0.0
7547,11921401016944,-0.0
7548,11931401016945,0.0
7549,11941400016946,-0.0
7550,11961400016948,-0.0
7551,11981400016950,-0.0
7552,12011401016953,0.0
7584,12601400017012,-0.0
7585,12641405017016,-0.0
7587,12681405017020,-0.0
7588,12691400017021,0.0
7589,12701400017022,-0.0
7590,12711400017023,0.0
7591,12721404017024,-0.0
7592,12751400017027,-0.0
7593,12761400017028,-0.0
7562,12231405016975,-0.0
7563,12261400016978,0.0
7564,12281400016980,-0.0
7565,12291405016981,-0.0
7566,12301405016982,-0.0
7567,12311400016983,-0.0
7568,12331405016985,-0.0
7600,12831400017035,0.0
7601,12841400017036,0.0
7602,12851400017037,0.0
7603,12861400017038,0.0
7604,12871400017039,0.0
7605,12881400017040,0.0
7606,12911405017043,-0.0
7607,12921405017044,-0.0
7608,12931404017045,-0.0
7609,12981405017050,-0.0
7578,12451400016997,0.0
7579,12461400016998,0.0
7580,12471400016999,0.0
7581,12511400017003,0.0
7582,12521404017004,-0.0
7583,12581400017010,-0.0
7616,13321404017084,0.0
7617,13331400017085,0.0
7618,13341404017086,0.0
7619,13351404017087,0.0
7620,13361400017088,0.0
7621,13391405017091,0.0
7622,13431400017095,-0.0
7623,13441400017096,-0.0
7624,13621400017114,-0.0
7625,13631400017115,-0.0
7594,12771400017029,0.0
7595,12781400017030,0.0
7596,12791400017031,0.0
7597,12801400017032,0.0
7598,12811400017033,0.0
7599,12821400017034,0.0
7632,13731400017125,0.0
7633,13741400017126,0.0
7634,13751400017127,0.0
7635,13761400017128,-0.0
7636,13771400017129,-0.0
7637,13781400017130,-0.0
7638,13791400017131,-0.0
7639,13801400017132,0.0
7640,13811400017133,-0.0
7641,13821400017134,0.0
7610,12991400017051,0.0
7611,13001400017052,0.0
7612,13011405017053,-0.0
7613,13271400017079,0.0
7614,13281400017080,0.0
7615,13291400017081,0.0
7648,13891400017141,-0.0
7649,13901400017142,-0.0
7650,13911400017143,-0.0
7651,13921400017144,-0.0
7652,13931400017145,-0.0
7653,13981401017150,-0.0
7654,13991400017151,-0.0
7655,14061400017158,-0.0
7656,14071400017159,-0.0
7657,14081400017160,0.0
7626,13651400017117,-0.0
7627,13661400017118,0.0
7628,13671400017119,0.0
7629,13681400017120,0.0
7630,13691400017121,0.0
7631,13701400017122,-0.0
7664,14151400017167,0.0
7665,14171400017169,0.0
7666,14201403017172,-0.0
7667,14311400017183,0.0
7668,00021500017185,-0.0
7669,00031500017186,-0.0
7670,00041500017187,-0.0
7671,00051500017188,-0.0
7672,00061500017189,-0.0
7673,00071500017190,-0.0
7642,13831400017135,0.0
7643,13841400017136,-0.0
7644,13851400017137,-0.0
7645,13861400017138,-0.0
7646,13871400017139,-0.0
7647,13881400017140,-0.0
7680,00331504017216,-0.0
7681,00341500017217,-0.0
7682,00351505017218,-0.0
7683,00361500017219,0.0
7684,00371505017220,-0.0
7685,00391504017222,-0.0
7686,00401500017223,-0.0
7687,00411500017224,-0.0
7688,00421504017225,-0.0
7689,00441500017227,0.0
7658,14091400017161,-0.0
7659,14101400017162,0.0
7660,14111400017163,0.0
7661,14121400017164,0.0
7662,14131400017165,-0.0
7663,14141400017166,-0.0
7696,00561500017239,0.0
7697,00571500017240,-0.0
7698,00581500017241,0.0
7699,00591500017242,-0.0
7700,00601500017243,0.0
7701,00611504017244,0.0
7702,00631500017246,0.0
7703,00641500017247,0.0
7704,00661505017249,-0.0
7705,00671504017250,-0.0
7674,00251505017208,-0.0
7675,00271505017210,-0.0
7676,00281500017211,-0.0
7677,00291505017212,-0.0
7678,00301500017213,-0.0
7679,00311505017214,-0.0
7712,00751500017258,-0.0
7713,00761504017259,-0.0
7714,00811504017264,-0.0
7715,00821500017265,0.0
7716,00831504017266,0.0
7717,00841504017267,0.0
7718,00851500017269,0.0
7719,00861505017270,-0.0
7720,00871503017271,-0.0
7721,00881503017272,-0.0
7690,00451504017228,-0.0
7691,00461500017229,-0.0
7692,00471505017230,-0.0
7693,00481500017231,0.0
7694,00491505017232,-0.0
7695,00501501017233,0.0
7728,01161500017300,0.0
7729,01171500017301,-0.0
7730,01191500017303,-0.0
7731,01201505017304,-0.0
7732,01211500017305,-0.0
7733,01221505017306,0.0
7734,01441504017308,-0.0
7735,01451500017309,-0.0
7736,01461504017310,-0.0
7737,01471504017311,-0.0
7706,00681505017251,-0.0
7707,00691505017252,-0.0
7708,00701505017253,-0.0
7709,00721500017255,0.0
7710,00731500017256,-0.0
7711,00741500017257,-0.0
7744,01541504017318,-0.0
7745,01571500017321,0.0
7746,01591500017323,0.0
7747,01601500017324,0.0
7748,01611504017325,0.0
7749,01671504017331,-0.0
7750,01681504017332,-0.0
7751,01691505017333,-0.0
7752,01701504017334,0.0
7753,01711505017335,-0.0
7722,01031503017287,0.0
7723,01081500017292,-0.0
7724,01091500017293,-0.0
7725,01101500017294,-0.0
7726,01121501017296,0.0
7727,01151500017299,-0.0
7760,02191505017383,-0.0
7761,02201505017384,-0.0
7762,02211500017385,-0.0
7763,02221500017386,-0.0
7764,02251505017389,-0.0
7765,02331500017397,-0.0
7766,02341500017398,-0.0
7767,02371505017401,-0.0
7768,02391500017403,-0.0
7769,02421500017406,-0.0
7738,01481504017312,-0.0
7739,01491504017313,-0.0
7740,01501504017314,-0.0
7741,01511504017315,-0.0
7742,01521504017316,-0.0
7743,01531504017317,-0.0
7776,02781500017462,0.0
7777,02791505017463,0.0
7778,02841500017468,0.0
7779,02851500017469,-0.0
7780,02861500017470,-0.0
7781,02871500017471,0.0
7782,02881505017472,-0.0
7783,02901501017473,0.0
7784,02911500017474,0.0
7785,02921505017475,-0.0
7754,01721505017336,-0.0
7755,02101500017374,-0.0
7756,02111500017375,-0.0
7757,02151500017379,-0.0
7758,02171500017381,-0.0
7759,02181505017382,-0.0
7792,03081500017492,-0.0
7793,03091500017493,-0.0
7794,03101500017494,-0.0
7795,03111500017495,0.0
7796,03121500017496,-0.0
7797,03131500017497,-0.0
7798,03511500017535,-0.0
7799,03521500017536,-0.0
7800,03531500017537,-0.0
7801,03541500017538,0.0
7770,02431500017407,0.0
7771,02441500017408,0.0
7772,02451500017409,-0.0
7773,02461500017410,-0.0
7774,02501500017414,0.0
7775,02771504017461,-0.0
7808,03611500017545,-0.0
7809,03621500017546,-0.0
7810,03631500017547,0.0
7811,03651500017549,0.0
7812,03671500017551,0.0
7813,03691500017553,0.0
7814,03711500017555,0.0
7815,03731500017557,0.0
7816,03761500017560,0.0
7817,03831505017567,-0.0
7786,02931505017476,0.0
7787,02891505017477,-0.0
7788,03041500017488,-0.0
7789,03051500017489,-0.0
7790,03071500017490,-0.0
7791,03061500017491,-0.0
7824,03901505017574,-0.0
7825,03911504017575,-0.0
7826,03921505017576,-0.0
7827,03931500017577,0.0
7828,03941505017578,0.0
7829,03951504017579,0.0
7830,03961500017580,0.0
7831,03971505017581,-0.0
7832,03981505017582,-0.0
7833,03991505017583,-0.0
7802,03551500017539,0.0
7803,03561500017540,0.0
7804,03571500017541,-0.0
7805,03581500017542,-0.0
7806,03591500017543,-0.0
7807,03601500017544,-0.0
7840,04051504017597,-0.0
7841,04141500017598,0.0
7842,04161505017600,-0.0
7843,04171504017601,-0.0
7844,04331500017617,-0.0
7845,04341500017618,-0.0
7846,04371500017621,0.0
7847,04391504017623,-0.0
7848,04411505017625,0.0
7849,04421500017626,-0.0
7818,03841505017568,-0.0
7819,03851504017569,-0.0
7820,03861505017570,-0.0
7821,03871500017571,-0.0
7822,03891500017572,0.0
7823,03881505017573,-0.0
7856,04501500017634,-0.0
7857,04511500017635,0.0
7858,04521505017636,-0.0
7859,04531504017637,-0.0
7860,04541505017638,-0.0
7861,04551505017639,-0.0
7862,04571505017641,-0.0
7863,04581504017642,-0.0
7864,04601505017644,-0.0
7865,04621505017646,-0.0
7834,04001505017584,-0.0
7835,04011504017585,-0.0
7836,04021500017586,0.0
7837,04111501017594,0.0
7838,04121500017595,-0.0
7839,04131504017596,-0.0
7872,04691504017658,-0.0
7873,04701505017659,-0.0
7874,04711504017660,-0.0
7875,04721505017661,-0.0
7876,04731505017662,-0.0
7877,04791500017663,0.0
7878,04801505017664,-0.0
7879,04811505017665,-0.0
7880,04821505017666,-0.0
7881,04831500017667,-0.0
7850,04431505017627,-0.0
7851,04441500017628,0.0
7852,04451505017629,0.0
7853,04461500017630,-0.0
7854,04471504017631,-0.0
7855,04481500017632,0.0
7888,04951505017679,-0.0
7889,04961504017680,-0.0
7890,04971500017681,-0.0
7891,04991505017683,-0.0
7892,05001505017684,-0.0
7893,05011500017685,-0.0
7894,05021505017686,-0.0
7895,05031504017687,-0.0
7896,05041500017688,-0.0
7897,05061505017690,-0.0
7866,04631505017647,-0.0
7867,04761505017650,-0.0
7868,04771504017651,-0.0
7869,04641505017653,-0.0
7870,04651504017654,-0.0
7871,04671505017656,-0.0
7903,05181500017702,-0.0
7904,05191505017703,-0.0
7905,05201504017704,-0.0
7906,05211505017705,-0.0
7907,05221504017706,-0.0
7908,05251505017709,0.0
7909,05311500017710,0.0
7910,05271505017712,-0.0
7911,05281504017713,-0.0
7912,05301505017715,-0.0
7913,05321505017716,-0.0
7882,04841500017668,-0.0
7883,04851500017669,-0.0
7885,04871500017671,-0.0
7886,04881500017672,-0.0
7887,04941500017678,0.0
7919,05491505017733,0.0
7920,05501500017734,-0.0
7921,05511500017735,-0.0
7922,05521500017736,-0.0
7923,05531505017737,-0.0
7924,05541504017738,-0.0
7925,05551505017739,-0.0
7926,05561500017740,-0.0
7927,05581500017741,0.0
7928,05571504017742,-0.0
7929,05591505017743,-0.0
7898,05071504017691,-0.0
7899,05141505017698,-0.0
7900,05151504017699,-0.0
7901,05161505017700,-0.0
7902,05171500017701,-0.0
7935,05771505017761,-0.0
7936,05781505017762,-0.0
7937,05811505017765,-0.0
7938,05821504017766,-0.0
7939,05831500017768,-0.0
7940,05841500017769,-0.0
7941,05871500017771,-0.0
7942,05891500017773,-0.0
7943,05911503017775,0.0
7944,05921503017776,0.0
7945,05931503017777,0.0
7914,05421505017726,-0.0
7915,05441500017728,-0.0
7916,05451500017729,0.0
7917,05461505017730,-0.0
7918,05481505017732,0.0
7951,06081500017792,-0.0
7952,06121500017796,-0.0
7953,06151504017799,-0.0
7954,06171500017801,0.0
7955,06191500017803,0.0
7956,06211500017805,0.0
7957,06231500017807,0.0
7958,06251500017809,0.0
7959,06261500017810,0.0
7960,06281500017812,0.0
7961,06291500017813,0.0
7930,05601504017744,-0.0
7931,05611504017745,-0.0
7932,05651500017749,0.0
7933,05661500017750,0.0
7934,05741500017758,-0.0
7967,06541501017838,-0.0
7968,06551501017839,-0.0
7969,06561501017840,-0.0
7970,06571500017841,0.0
7971,06581500017842,-0.0
7972,06601505017844,-0.0
7973,06681504017852,-0.0
7974,06771500017861,0.0
7975,06861500017870,0.0
7976,06881500017872,-0.0
7977,06901505017874,-0.0
7946,05941500017778,0.0
7947,05951500017779,0.0
7948,05961505017780,-0.0
7949,06061500017790,-0.0
7950,06071500017791,-0.0
7983,06991504017883,-0.0
7984,07001504017884,-0.0
7985,07011500017885,0.0
7986,07021500017886,-0.0
7987,07031500017887,0.0
7988,07041500017888,-0.0
7989,07051500017889,0.0
7990,07061500017890,-0.0
7991,07071500017891,-0.0
7992,07081500017892,0.0
7993,07091500017893,-0.0
7962,06311500017815,0.0
7963,06411500017825,0.0
7964,06421504017826,-0.0
7965,06521500017836,0.0
7966,06531504017837,-0.0
7999,07151500017899,0.0
8000,07161500017900,0.0
8001,07171500017901,-0.0
8002,07181500017902,0.0
8003,07191500017903,-0.0
8004,07201500017904,-0.0
8005,07221500017906,0.0
8006,07231500017907,-0.0
8007,07251500017909,-0.0
8008,07261500017910,-0.0
8009,07271504017911,-0.0
7978,06911504017875,-0.0
7979,06931500017877,0.0
7980,06941505017878,-0.0
7981,06951500017879,0.0
7982,06971500017881,-0.0
8015,07331504017917,-0.0
8016,07341504017918,-0.0
8017,07351504017919,-0.0
8018,07361500017920,-0.0
8019,07371500017921,0.0
8020,07381503017922,-0.0
8021,07391503017923,-0.0
8022,07401500017924,-0.0
8023,07411501017925,-0.0
8024,07421501017926,-0.0
8025,07431500017927,-0.0
7994,07101500017894,-0.0
7995,07111500017895,0.0
7996,07121504017896,-0.0
7997,07131504017897,-0.0
7998,07141500017898,0.0
8031,07521500017936,0.0
8032,07531500017937,0.0
8033,07551501017939,0.0
8034,07561501017940,0.0
8035,07571501017941,0.0
8036,07581501017942,0.0
8037,07591501017943,0.0
8038,07601501017944,0.0
8039,07611501017945,0.0
8040,07621501017946,0.0
8041,07631501017947,0.0
8010,07281504017912,-0.0
8011,07291504017913,-0.0
8012,07301504017914,-0.0
8013,07311504017915,-0.0
8014,07321504017916,-0.0
8047,07821503017957,-0.0
8048,07831503017958,0.0
8049,07861503017961,-0.0
8050,07881503017963,-0.0
8051,07901503017965,-0.0
8052,07911503017966,-0.0
8053,07921500017967,0.0
8054,07961503017971,-0.0
8055,07971503017972,0.0
8056,07981503017973,0.0
8057,08031503017978,-0.0
8026,07441500017928,-0.0
8027,07451500017929,0.0
8028,07461500017930,0.0
8029,07471500017931,0.0
8030,07511500017935,0.0
8063,08131503017988,-0.0
8064,08171505017992,0.0
8065,08241505017993,-0.0
8066,08181505017994,-0.0
8067,08191505017995,0.0
8068,08251505017998,-0.0
8069,08261505017999,-0.0
8070,08231505018001,-0.0
8071,08271505018002,-0.0
8072,08291500018004,-0.0
8073,08301505018005,-0.0
8042,07671505017951,0.0
8043,07681500017952,-0.0
8044,07781500017953,0.0
8045,07791505017954,-0.0
8046,07801505017955,-0.0
8079,07761500018021,0.0
8080,07771504018022,-0.0
8081,08401504018024,-0.0
8082,08411504018025,-0.0
8083,08451503018029,-0.0
8084,08531503018037,0.0
8085,08561503018040,-0.0
8086,08581503018042,0.0
8087,08691505018053,0.0
8088,08701505018054,0.0
8089,08711504018055,0.0
8058,08051503017980,0.0
8059,08081503017983,-0.0
8060,08091503017984,0.0
8061,08101503017985,-0.0
8062,08111503017986,-0.0
8095,08791500018063,-0.0
8096,08801500018064,-0.0
8097,08811504018065,-0.0
8098,08821504018066,-0.0
8099,08831504018067,-0.0
8100,08841504018068,-0.0
8101,08851504018069,-0.0
8102,08861504018070,-0.0
8103,08871504018071,-0.0
8104,08881504018072,-0.0
8105,08891504018073,-0.0
8074,08371505018012,0.0
8075,08381501018013,0.0
8076,07741500018018,0.0
8077,07731500018019,0.0
8078,07751500018020,0.0
8111,08951500018079,0.0
8112,08961501018080,0.0
8113,08981501018082,0.0
8114,09011504018085,-0.0
8115,09021500018086,0.0
8116,09111500018095,0.0
8117,09121500018096,-0.0
8118,09131500018097,-0.0
8119,09361505018104,-0.0
8120,09371505018105,-0.0
8121,09381500018106,0.0
8090,08721505018056,-0.0
8091,08731505018057,-0.0
8092,08741504018058,-0.0
8093,08751505018059,0.0
8094,08761505018060,0.0
8127,09441500018112,-0.0
8128,09451500018113,-0.0
8129,09461500018114,-0.0
8130,09481500018116,-0.0
8131,09501500018118,-0.0
8132,09511500018119,-0.0
8133,09521500018120,-0.0
8134,09561500018124,-0.0
8135,09631505018131,-0.0
8136,09641500018132,-0.0
8137,09651505018133,-0.0
8106,08901501018074,0.0
8107,08911501018075,0.0
8108,08921501018076,0.0
8109,08931501018077,0.0
8110,08941501018078,0.0
8143,09711500018146,0.0
8144,09721500018147,-0.0
8145,09731500018148,0.0
8146,09741500018149,0.0
8147,09811500018150,0.0
8148,09821500018151,0.0
8149,09751500018152,0.0
8150,09771500018154,0.0
8151,09791500018156,0.0
8152,09831500018158,0.0
8153,09841500018159,0.0
8122,09391500018107,0.0
8123,09401500018108,0.0
8124,09411500018109,-0.0
8125,09421500018110,-0.0
8126,09431500018111,-0.0
8159,09901501018165,-0.0
8160,09911500018166,-0.0
8161,09921501018167,-0.0
8162,09931500018168,-0.0
8163,09941501018169,-0.0
8164,09961500018171,-0.0
8165,09971500018172,-0.0
8166,09981500018173,-0.0
8167,09991500018174,-0.0
8168,10001500018175,-0.0
8169,10011500018176,-0.0
8138,09661505018134,-0.0
8139,09171504018137,-0.0
8140,09231505018143,-0.0
8141,09691500018144,0.0
8142,09701500018145,-0.0
8175,10071500018182,-0.0
8176,10081500018183,-0.0
8177,10091500018184,-0.0
8178,10101500018185,-0.0
8179,10111500018186,-0.0
8180,10121500018187,-0.0
8181,10131500018188,-0.0
8182,10141501018189,-0.0
8183,10151500018190,-0.0
8184,10161501018191,-0.0
8185,10171500018192,-0.0
8154,09851500018160,0.0
8155,09861500018161,0.0
8156,09871500018162,0.0
8157,09881500018163,0.0
8158,09891500018164,-0.0
8191,10231500018198,-0.0
8192,10241500018199,-0.0
8193,10251500018200,-0.0
8194,10261500018201,-0.0
8195,10271501018202,-0.0
8196,10281500018203,0.0
8197,10291501018204,-0.0
8198,10301500018205,-0.0
8199,10311501018206,-0.0
8200,10321500018207,-0.0
8201,10351501018210,-0.0
8170,10021500018177,-0.0
8171,10031500018178,-0.0
8172,10041500018179,-0.0
8173,10051500018180,-0.0
8174,10061500018181,-0.0
8207,09241505018229,-0.0
8208,09251505018230,-0.0
8209,09281505018231,-0.0
8210,09311505018234,-0.0
8211,09321505018235,-0.0
8212,10601500018241,0.0
8213,10611500018242,0.0
8214,10621500018243,0.0
8215,10631500018244,0.0
8216,10591500018250,0.0
8217,10771500018261,0.0
8186,10181501018193,-0.0
8187,10191500018194,-0.0
8188,10201500018195,-0.0
8189,10211500018196,-0.0
8190,10221500018197,-0.0
8223,11021501018286,0.0
8224,11031501018287,0.0
8225,11041501018288,0.0
8226,11051501018289,0.0
8227,11241500018308,-0.0
8228,11301500018313,0.0
8229,11291500018314,0.0
8230,11341504018318,-0.0
8231,11431500018327,-0.0
8232,11441500018328,-0.0
8233,11451500018329,-0.0
8202,10361500018211,0.0
8203,10371501018212,-0.0
8204,10381500018213,-0.0
8205,10391501018214,-0.0
8206,09271505018228,-0.0
8239,11541500018338,-0.0
8240,11551500018339,-0.0
8241,11561500018340,-0.0
8242,11571500018341,0.0
8243,11591500018343,0.0
8244,11601504018344,0.0
8245,11671505018351,0.0
8246,11691505018353,-0.0
8247,11701500018354,0.0
8248,11711500018355,0.0
8249,11731500018357,-0.0
8218,10801500018264,0.0
8219,10871505018271,0.0
8220,10921502018276,-0.0
8221,10971505018281,-0.0
8222,10981505018282,-0.0
8255,11821501018366,-0.0
8256,11831500018367,0.0
8257,11841500018368,0.0
8258,11901500018374,0.0
8259,11941500018378,0.0
8260,11961500018380,0.0
8261,11991500018383,-0.0
8262,12011501018385,-0.0
8263,12021500018386,-0.0
8264,12041500018388,-0.0
8265,12071500018391,-0.0
8234,11461500018330,0.0
8235,11491500018333,0.0
8236,11511501018335,-0.0
8237,11521500018336,-0.0
8238,11531500018337,-0.0
8271,12221505018406,-0.0
8272,12231505018407,-0.0
8273,12261500018410,0.0
8274,12271500018411,0.0
8275,12281500018412,0.0
8276,12291505018413,-0.0
8277,12301505018414,-0.0
8278,12311500018415,-0.0
8279,12331505018417,-0.0
8280,12341504018418,-0.0
8281,12351502018419,-0.0
8250,11741500018358,-0.0
8251,11751500018359,0.0
8252,11761500018360,-0.0
8253,11771500018361,0.0
8254,11781500018362,0.0
8287,12431500018427,0.0
8288,12451500018429,-0.0
8289,12471500018431,0.0
8290,12481500018432,-0.0
8291,12491500018433,-0.0
8292,12501500018434,-0.0
8293,12511500018435,-0.0
8294,12521504018436,-0.0
8295,12581500018442,-0.0
8296,12601500018444,-0.0
8297,12631500018447,0.0
8266,12081501018392,-0.0
8267,12091500018393,-0.0
8268,12101500018394,-0.0
8269,12111500018395,-0.0
8270,12151502018399,-0.0
8303,12751500018459,-0.0
8304,12761500018460,-0.0
8305,12771500018461,0.0
8306,12781500018462,0.0
8307,12791500018463,0.0
8308,12801500018464,0.0
8309,12811500018465,0.0
8310,12821500018466,0.0
8311,12831500018467,0.0
8312,12841500018468,0.0
8313,12851500018469,0.0
8282,12361500018420,0.0
8283,12371500018421,0.0
8284,12381500018422,0.0
8285,12391500018423,-0.0
8286,12401500018424,-0.0
8319,12921505018476,-0.0
8320,12931504018477,-0.0
8321,12981505018482,-0.0
8322,12991500018483,-0.0
8323,13001500018484,-0.0
8324,13011505018485,-0.0
8325,13021500018486,0.0
8326,13031505018487,-0.0
8327,13041504018488,0.0
8328,13271500018511,-0.0
8329,13281500018512,-0.0
8298,12641505018448,-0.0
8299,12651500018449,0.0
8300,12691500018453,0.0
8301,12701500018454,0.0
8302,12711500018455,0.0
8335,13341504018518,-0.0
8336,13351504018519,-0.0
8337,13361500018520,-0.0
8338,13381500018522,-0.0
8339,13391505018523,0.0
8340,13411505018525,0.0
8341,13431500018527,-0.0
8342,13441500018528,-0.0
8343,13621500018546,0.0
8344,13631500018547,0.0
8345,13641500018548,0.0
8314,12861500018470,0.0
8315,12871500018471,0.0
8316,12881500018472,0.0
8317,12901500018474,-0.0
8318,12911505018475,-0.0
8351,13701500018554,-0.0
8352,13711500018555,-0.0
8353,13821500018566,-0.0
8354,13841500018568,-0.0
8355,13861500018570,-0.0
8356,13881500018572,-0.0
8357,13901500018574,-0.0
8358,13921500018576,-0.0
8359,13981501018582,-0.0
8360,13991500018583,-0.0
8361,14001500018584,0.0
8330,13291500018513,-0.0
8331,13311500018514,0.0
36,00850100000085,-0.0
8333,13321504018516,-0.0
8334,13331500018517,-0.0
8367,14101500018594,-0.0
8368,14111500018595,-0.0
8369,14121500018596,0.0
8370,14131500018597,0.0
8371,14141500018598,0.0
8372,14151500018599,-0.0
8373,14161500018600,-0.0
8374,14171500018601,-0.0
8375,14191505018603,-0.0
8376,14201503018604,-0.0
8377,14311500018615,-0.0
8346,13651500018549,0.0
8347,13661500018550,0.0
8348,13671500018551,-0.0
8349,13681500018552,0.0
8350,13691500018553,-0.0
8383,00351605018650,-0.0
8384,00371605018652,-0.0
8385,00391604018654,0.0
8386,00481600018663,0.0
8387,00501601018665,0.0
8388,00511600018666,-0.0
8389,00571600018672,0.0
8390,00581600018673,0.0
8391,00601600018675,-0.0
8392,00611604018676,-0.0
8393,00621600018677,0.0
8362,14021505018586,0.0
8363,14061500018590,0.0
8364,14071500018591,-0.0
8365,14081500018592,0.0
8366,14091500018593,0.0
8399,00681605018683,-0.0
8400,00691605018684,-0.0
8401,00701605018685,-0.0
8402,00721600018687,0.0
8403,00731600018688,-0.0
8404,00751600018690,0.0
8405,00761604018691,0.0
8406,00791600018694,-0.0
8407,00831604018698,0.0
8408,00851600018701,-0.0
8409,00861605018702,-0.0
8378,00251605018640,-0.0
8379,00271605018642,-0.0
8380,00321600018647,-0.0
8381,00331604018648,-0.0
8382,00341600018649,-0.0
8415,01161600018732,0.0
8416,01171600018733,0.0
8417,01441604018740,0.0
8418,01451600018741,-0.0
8419,01461604018742,-0.0
8420,01471604018743,-0.0
8421,01481604018744,-0.0
8422,01491604018745,-0.0
8423,01501604018746,-0.0
8424,01511604018747,-0.0
8425,01521604018748,0.0
8394,00631600018678,0.0
8395,00641600018679,0.0
34,00830104000082,0.0
8397,00661605018681,0.0
8398,00671604018682,0.0
8431,01581600018754,-0.0
8432,01591600018755,0.0
8433,01601600018756,0.0
8434,01611604018757,0.0
8435,01651600018761,-0.0
8436,01661605018762,-0.0
8437,01671604018763,0.0
8438,01681604018764,0.0
8439,01691605018765,0.0
8440,01701604018766,0.0
8441,01711605018767,-0.0
8410,01081600018724,0.0
8411,01091600018725,0.0
8412,01101600018726,0.0
8413,01121601018728,-0.0
8414,01151600018731,0.0
8447,02171600018813,0.0
8448,02191605018815,-0.0
8449,02201605018816,-0.0
8450,02211600018817,-0.0
8451,02221600018818,-0.0
8452,02241600018820,-0.0
8453,02251605018821,-0.0
8454,02321600018828,-0.0
8455,02331600018829,-0.0
8456,02341600018830,-0.0
8457,02371605018833,-0.0
8426,01531604018749,0.0
8427,01541604018750,-0.0
8428,01551604018751,-0.0
8429,01561600018752,-0.0
8430,01571600018753,0.0
8463,02481600018844,0.0
8464,02491600018845,-0.0
8465,02501600018846,0.0
8466,02781600018894,-0.0
8467,02791605018895,-0.0
8468,02811600018897,0.0
8469,02821600018898,-0.0
8470,02831600018899,-0.0
8471,02851600018901,0.0
8472,02861600018902,-0.0
8473,02901601018905,0.0
8442,01721605018768,-0.0
8443,02031600018799,0.0
8444,02061605018802,0.0
8445,02111600018807,0.0
8446,02151600018811,0.0
8479,03091600018925,0.0
8480,03101600018926,-0.0
8481,03111600018927,-0.0
8482,03121600018928,-0.0
8483,03131600018929,-0.0
8484,03511600018967,-0.0
8485,03541600018970,0.0
8486,03551600018971,0.0
8487,03561600018972,0.0
8488,03571600018973,0.0
8489,03581600018974,0.0
8458,02391600018835,0.0
8459,02421600018838,-0.0
8460,02441600018840,0.0
8461,02461600018842,-0.0
8462,02471600018843,0.0
8495,03641600018980,-0.0
8496,03651600018981,0.0
8497,03681600018984,0.0
8498,03691600018985,0.0
8499,03711600018987,0.0
8500,03731600018989,0.0
8501,03761600018992,0.0
8502,03831605018999,-0.0
8503,03841605019000,0.0
8504,03851604019001,-0.0
8505,03861605019002,-0.0
8474,03021605018918,-0.0
8475,03041600018920,-0.0
8476,03051600018921,-0.0
8477,03071600018922,0.0
8478,03081600018924,0.0
8511,03931600019009,-0.0
8512,03941605019010,-0.0
8513,03951604019011,-0.0
8514,04101600019025,0.0
8515,04111601019026,-0.0
8516,04131604019028,0.0
8517,04051604019029,-0.0
8518,04141600019030,0.0
8519,04161605019032,-0.0
8520,04171604019033,-0.0
8521,04331600019049,-0.0
8490,03591600018975,-0.0
8491,03601600018976,-0.0
8492,03611600018977,-0.0
8493,03621600018978,-0.0
8494,03631600018979,-0.0
8527,04411605019057,-0.0
8528,04461600019062,-0.0
8529,04471604019063,-0.0
8530,04481600019064,0.0
8531,04501600019066,0.0
8532,04511600019067,-0.0
8533,04521605019068,-0.0
8534,04531604019069,-0.0
8535,04541605019070,-0.0
8536,04551605019071,-0.0
8537,04571605019073,-0.0
8506,03871600019003,-0.0
8507,03881605019005,-0.0
8508,03901605019006,-0.0
8509,03911604019007,-0.0
8510,03921605019008,-0.0
8543,04761605019082,-0.0
8544,04771604019083,0.0
8545,04781605019084,-0.0
8546,04641605019085,-0.0
8547,04651604019086,-0.0
8548,04671605019088,-0.0
8549,04691604019090,-0.0
8550,04701605019091,-0.0
8551,04711604019092,-0.0
8552,04721605019093,-0.0
8553,04731605019094,-0.0
8522,04341600019050,-0.0
8523,04361601019052,-0.0
8524,04371600019053,0.0
8525,04381600019054,-0.0
8526,04391604019055,0.0
8559,04841600019100,-0.0
8560,04861600019102,-0.0
8561,04881600019104,-0.0
8562,04901600019106,0.0
8563,04971600019113,0.0
8564,04991605019115,0.0
8565,05001605019116,0.0
8566,05011600019117,-0.0
8567,05021605019118,-0.0
8568,05031604019119,-0.0
8569,05041600019120,0.0
8538,04581604019074,-0.0
8539,04601605019076,-0.0
8540,04621605019078,-0.0
8541,04631605019079,-0.0
8542,04741600019080,0.0
8575,05161605019132,-0.0
8576,05171600019133,-0.0
8577,05181600019134,-0.0
8578,05191605019135,-0.0
8579,05201604019136,-0.0
8580,05211605019137,-0.0
8581,05221604019138,-0.0
8582,05251605019141,-0.0
8583,05311600019142,0.0
8584,05261600019143,0.0
8585,05271605019144,-0.0
8554,04791600019095,-0.0
8555,04801605019096,-0.0
8556,04811605019097,-0.0
8557,04821605019098,-0.0
8558,04831600019099,-0.0
8591,05441600019160,0.0
8592,05451600019161,-0.0
8593,05461605019162,-0.0
8594,05501600019166,-0.0
8595,05521600019168,-0.0
8596,05531605019169,0.0
8597,05541604019170,-0.0
8598,05551605019171,-0.0
8599,05561600019172,0.0
8600,05571604019174,-0.0
8601,05591605019175,0.0
8570,05061605019122,0.0
8571,05071604019123,0.0
8572,05131600019129,0.0
8573,05141605019130,0.0
8574,05151604019131,0.0
8607,05701600019186,0.0
8608,05711600019187,0.0
8609,05721600019188,0.0
8610,05731600019189,-0.0
8611,05741600019190,-0.0
8612,05791600019195,-0.0
8613,05811605019197,-0.0
8614,05821604019198,-0.0
8615,05831600019200,-0.0
8616,05841600019201,-0.0
8617,05871600019203,0.0
8586,05281604019145,-0.0
8587,05291600019146,0.0
8588,05301605019147,-0.0
8589,05321605019148,-0.0
8590,05431600019159,0.0
8623,05941600019210,0.0
8624,05951600019211,-0.0
8625,05961605019212,-0.0
8626,06041600019220,-0.0
8627,06061600019222,-0.0
8628,06071600019223,-0.0
8629,06081600019224,-0.0
8630,06101600019226,-0.0
8631,06111600019227,0.0
8632,06121600019228,-0.0
8633,06171600019233,0.0
8602,05601604019176,0.0
8603,05611604019177,-0.0
8604,05661600019182,-0.0
8605,05681600019184,-0.0
8606,05691600019185,-0.0
8639,06251600019241,-0.0
8640,06261600019242,0.0
8641,06281600019244,0.0
8642,06301600019246,-0.0
8643,06311600019247,-0.0
8644,06321600019248,0.0
8645,06341600019250,0.0
8646,06351600019251,0.0
8647,06361600019252,0.0
8648,06371600019253,0.0
8649,06401600019256,0.0
8618,05881600019204,0.0
8619,05891600019205,0.0
8620,05901600019206,0.0
8621,05911603019207,0.0
8622,05921603019208,0.0
8655,06561601019272,-0.0
8656,06571600019273,-0.0
8657,06581600019274,-0.0
8658,06681604019284,0.0
8659,06771600019293,-0.0
8660,06781600019294,0.0
8661,06791600019295,0.0
8662,06801600019296,0.0
8663,06811602019297,-0.0
8664,06861600019302,-0.0
8665,06881600019304,-0.0
8634,06181600019234,0.0
8635,06191600019235,0.0
8636,06211600019237,0.0
8637,06231600019239,-0.0
8638,06241600019240,-0.0
8671,07011600019317,-0.0
8672,07031600019319,-0.0
8673,07041600019320,0.0
8674,07051600019321,0.0
8675,07061600019322,0.0
8676,07071600019323,0.0
8677,07081600019324,-0.0
8678,07101600019326,0.0
8679,07121604019328,-0.0
8680,07131604019329,-0.0
8681,07141600019330,-0.0
8650,06411600019257,-0.0
8651,06421604019258,-0.0
8652,06531604019269,-0.0
8653,06541601019270,-0.0
8654,06551601019271,-0.0
8687,07231600019339,-0.0
8688,07251600019341,0.0
8689,07261600019342,0.0
8690,07271604019343,0.0
8691,07291604019345,-0.0
8692,07301604019346,0.0
8693,07311604019347,-0.0
8694,07331604019349,-0.0
8695,07341604019350,0.0
8696,07351604019351,0.0
8697,07361600019352,0.0
8666,06901605019306,-0.0
8667,06911604019307,-0.0
8668,06951600019311,0.0
8669,06991604019315,-0.0
8670,07001604019316,-0.0
8703,07431600019359,-0.0
8704,07441600019360,0.0
8705,07451600019361,0.0
8706,07461600019362,0.0
8707,07471600019363,0.0
8708,07511600019367,-0.0
8709,07521600019368,-0.0
8710,07531600019369,-0.0
8711,07551601019371,-0.0
8712,07561601019372,0.0
8713,07571601019373,0.0
8682,07151600019331,0.0
8683,07171600019333,-0.0
8684,07181600019334,-0.0
8685,07191600019335,0.0
8686,07211600019337,0.0
8719,07631601019379,0.0
8720,07681600019384,0.0
8721,07801605019387,0.0
8722,08141605019421,0.0
8723,08151605019422,0.0
8724,08281605019435,-0.0
8725,08371605019444,0.0
8726,07701605019447,-0.0
8727,07721605019449,-0.0
8728,08691605019485,0.0
8729,08701605019486,0.0
8698,07371600019353,0.0
8699,07381603019354,-0.0
8700,07391603019355,-0.0
8701,07411601019357,-0.0
8702,07421601019358,-0.0
8735,08761605019492,-0.0
8736,08801600019496,0.0
8737,08811604019497,0.0
8738,08831604019499,0.0
8739,08841604019500,-0.0
8740,08851604019501,-0.0
8741,08861604019502,0.0
8742,08871604019503,-0.0
8743,08881604019504,-0.0
8744,08891604019505,-0.0
8745,08901601019506,0.0
8714,07581601019374,0.0
8715,07591601019375,0.0
8716,07601601019376,0.0
8717,07611601019377,0.0
8718,07621601019378,0.0
8751,08961601019512,0.0
8752,08981601019514,0.0
8753,09021600019518,0.0
8754,09041600019520,0.0
8755,09051600019521,-0.0
8756,09061605019522,-0.0
8757,09091605019525,0.0
8758,09121600019528,-0.0
8759,09131600019529,-0.0
8760,09341600019534,-0.0
8761,09351600019535,-0.0
8730,08711604019487,0.0
8731,08721605019488,0.0
8732,08731605019489,0.0
8733,08741604019490,0.0
8734,08751605019491,-0.0
8767,09461600019546,0.0
8768,09471600019547,-0.0
8769,09501600019550,-0.0
8770,09511600019551,-0.0
8771,09521600019552,-0.0
8772,09561600019556,0.0
8773,09631605019563,-0.0
8774,09641600019564,0.0
8775,09651605019565,-0.0
8776,09671601019567,-0.0
8777,09171604019569,0.0
8746,08911601019507,0.0
8747,08921601019508,0.0
8748,08931601019509,0.0
8749,08941601019510,0.0
8750,08951600019511,0.0
8783,09741600019581,0.0
8784,09811600019582,-0.0
8785,09821600019583,-0.0
8786,09751600019584,0.0
8787,09761601019585,-0.0
8788,09771600019586,0.0
8789,09781601019587,-0.0
8790,09791600019588,0.0
8791,09801601019589,-0.0
8792,09831600019590,0.0
8793,09841600019591,0.0
8762,09411600019541,0.0
8763,09421600019542,0.0
8764,09431600019543,0.0
8765,09441600019544,0.0
8766,09451600019545,-0.0
8799,09921601019599,-0.0
8800,09941601019601,-0.0
8801,09951600019602,0.0
8802,09961600019603,0.0
8803,09971600019604,-0.0
8804,09981600019605,-0.0
8805,10011600019608,-0.0
8806,10021600019609,-0.0
8807,10031600019610,-0.0
8808,10041600019611,-0.0
8809,10051600019612,-0.0
8778,09691600019576,0.0
8779,09701600019577,-0.0
8780,09711600019578,0.0
8781,09721600019579,0.0
8782,09731600019580,0.0
8815,10111600019618,-0.0
8816,10121600019619,-0.0
8817,10131600019620,0.0
8818,10141601019621,-0.0
8819,10151600019622,0.0
8820,10161601019623,-0.0
8821,10171600019624,0.0
8822,10181601019625,-0.0
8823,10191600019626,0.0
8824,10201600019627,-0.0
8825,10211600019628,0.0
8794,09851600019592,0.0
8795,09861600019593,0.0
8796,09871600019594,0.0
8797,09881600019595,0.0
8798,09901601019597,-0.0
8831,10291601019636,-0.0
8832,10301600019637,0.0
8833,10311601019638,-0.0
8834,10321600019639,0.0
8835,10351601019642,-0.0
8836,10361600019643,0.0
8837,10371601019644,-0.0
8838,10381600019645,-0.0
8839,10391601019646,-0.0
31,00800100000079,-0.0
8841,10481600019655,0.0
8810,10061600019613,-0.0
8811,10071600019614,-0.0
8812,10081600019615,-0.0
8813,10091600019616,-0.0
8814,10101600019617,-0.0
8847,10631600019676,-0.0
8848,10591600019682,0.0
8849,10911602019707,-0.0
8850,10921602019708,-0.0
8851,10971605019713,-0.0
8852,10981605019714,0.0
8853,11001602019716,0.0
8854,11021601019718,0.0
8855,11031601019719,0.0
8856,11041601019720,0.0
8857,11051601019721,0.0
8826,10221600019629,0.0
8827,10241600019631,0.0
8828,10251600019632,-0.0
8829,10261600019633,-0.0
8830,10271601019634,-0.0
8863,11451600019761,-0.0
8864,11461600019762,-0.0
8865,11471600019763,-0.0
8866,11501601019766,0.0
8867,11531600019769,0.0
8868,11591600019775,-0.0
8869,11601604019776,0.0
8870,11651600019781,0.0
8871,11661600019782,-0.0
8872,11671605019783,0.0
8873,11681600019784,0.0
8842,10501600019657,-0.0
8843,09311605019666,-0.0
8844,10531602019669,0.0
8845,10601600019673,-0.0
8846,10611600019674,-0.0
8879,11761600019792,-0.0
8880,11781600019794,0.0
8881,11821601019798,-0.0
8882,11831600019799,0.0
8883,11981600019814,0.0
8884,11991600019815,-0.0
8885,12021600019818,-0.0
8886,12041600019820,-0.0
8887,12061600019822,0.0
8888,12071600019823,-0.0
8889,12091600019825,-0.0
8858,11121600019728,-0.0
8859,11241600019740,0.0
8860,11281605019744,-0.0
8861,11431600019759,-0.0
8862,11441600019760,0.0
8895,12261600019842,-0.0
8896,12271600019843,-0.0
8897,12281600019844,-0.0
8898,12291605019845,-0.0
8899,12301605019846,-0.0
8900,12311600019847,0.0
8901,12331605019849,0.0
8902,12341604019850,0.0
8903,12351602019851,0.0
8904,12361600019852,0.0
8905,12371600019853,0.0
8874,11691605019785,-0.0
8875,11701600019786,-0.0
8876,11711600019787,-0.0
8877,11741600019790,-0.0
8878,11751600019791,-0.0
8911,12451600019861,-0.0
8912,12461600019862,-0.0
8913,12471600019863,0.0
8914,12511600019867,0.0
8915,12521604019868,-0.0
8916,12581600019874,-0.0
8917,12601600019876,-0.0
8918,12681605019884,-0.0
8919,12691600019885,0.0
8920,12701600019886,0.0
8921,12711600019887,0.0
8890,12101600019826,-0.0
8891,12111600019827,-0.0
8892,12151602019831,-0.0
8893,12221605019838,0.0
8894,12231605019839,-0.0
8927,12801600019896,0.0
8928,12811600019897,0.0
8929,12821600019898,0.0
8930,12831600019899,0.0
8931,12841600019900,0.0
8932,12851600019901,0.0
8933,12861600019902,0.0
8934,12871600019903,0.0
8935,12881600019904,0.0
8936,12901600019906,0.0
8937,12911605019907,-0.0
8906,12381600019854,0.0
8907,12401600019856,0.0
8908,12421600019858,-0.0
8909,12431600019859,0.0
8910,12441600019860,-0.0
8943,12991600019915,-0.0
8944,13001600019916,-0.0
8945,13011605019917,-0.0
8946,13271600019943,0.0
8947,13281600019944,0.0
8948,13291600019945,0.0
8949,13321604019948,0.0
8950,13331600019949,-0.0
8951,13341604019950,-0.0
8952,13351604019951,0.0
8953,13361600019952,0.0
8922,12751600019891,-0.0
8923,12761600019892,-0.0
8924,12771600019893,0.0
8925,12781600019894,0.0
8926,12791600019895,0.0
8959,13641600019980,0.0
8960,13651600019981,0.0
8961,13661600019982,0.0
8962,13671600019983,0.0
8963,13681600019984,0.0
8964,13691600019985,0.0
8965,13711600019987,-0.0
8966,13981601020014,-0.0
8967,13991600020015,-0.0
8968,14081600020024,-0.0
8969,14091600020025,-0.0
8938,12921605019908,-0.0
8939,12931604019909,0.0
8940,12961600019912,-0.0
8941,12971600019913,0.0
8942,12981605019914,-0.0
8975,14151600020031,0.0
8976,14161600020032,0.0
8977,14171600020033,0.0
8978,14201603020036,-0.0
8979,14311600020047,0.0
8980,00251705020072,0.0
8981,00271705020074,0.0
8982,00281700020075,0.0
8983,00301700020077,0.0
8984,00331704020080,-0.0
8985,00341700020081,-0.0
8954,13401605019956,-0.0
8955,13431600019959,0.0
8956,13441600019960,0.0
8957,13621600019978,0.0
8958,13631600019979,0.0
8991,00401700020087,0.0
8992,00431700020090,-0.0
8993,00441700020091,0.0
8994,00451704020092,0.0
8995,00461700020093,0.0
8996,00471705020094,0.0
8997,00481700020095,0.0
8998,00501701020097,0.0
8999,00511700020098,0.0
9000,00541701020101,0.0
9001,00551701020102,-0.0
8970,14101600020026,0.0
8971,14111600020027,-0.0
8972,14121600020028,-0.0
8973,14131600020029,0.0
8974,14141600020030,0.0
9007,00621700020109,0.0
9008,00631700020110,0.0
9009,00641700020111,0.0
9010,00661705020113,-0.0
9011,00671704020114,0.0
9012,00681705020115,0.0
9013,00701705020117,-0.0
9014,00731700020120,-0.0
9015,00741700020121,0.0
9016,00751700020122,0.0
9017,00761704020123,0.0
8986,00351705020082,-0.0
8987,00361700020083,-0.0
8988,00371705020084,-0.0
8989,00381700020085,-0.0
8990,00391704020086,-0.0
9023,00851700020133,0.0
9024,00861705020134,0.0
9025,00871703020135,0.0
9026,01081700020156,0.0
9027,01091700020157,0.0
9028,01101700020158,0.0
9029,01121701020160,-0.0
9030,01141700020162,-0.0
9031,01151700020163,0.0
9032,01161700020164,0.0
9033,01171700020165,0.0
9002,00561700020103,-0.0
9003,00571700020104,-0.0
9004,00581700020105,-0.0
9005,00601700020107,0.0
9006,00611704020108,0.0
9039,01491704020177,-0.0
9040,01501704020178,0.0
9041,01511704020179,0.0
9042,01521704020180,0.0
9043,01531704020181,-0.0
9044,01541704020182,0.0
9045,01551704020183,-0.0
9046,01561700020184,-0.0
9047,01581700020186,0.0
9048,01591700020187,0.0
55,01680104000148,0.0
9018,00791700020126,-0.0
9019,00811704020128,0.0
9020,00821700020129,0.0
9021,00831704020130,0.0
9022,00841704020131,0.0
9055,01711705020199,0.0
9056,01721705020200,0.0
9057,02031700020231,0.0
9058,02061705020234,0.0
9059,02111700020239,0.0
9060,02171700020245,-0.0
9061,02191705020247,0.0
9062,02201705020248,0.0
9063,02211700020249,0.0
9064,02221700020250,0.0
9065,02251705020253,0.0
9034,01441704020172,-0.0
9035,01451700020173,0.0
9036,01461704020174,0.0
9037,01471704020175,0.0
9038,01481704020176,0.0
9071,02421700020270,0.0
9072,02431700020271,0.0
9073,02441700020272,0.0
9074,02451700020273,-0.0
9075,02461700020274,0.0
9076,02471700020275,-0.0
9077,02481700020276,-0.0
9078,02491700020277,-0.0
9079,02501700020278,-0.0
9080,02771704020325,-0.0
9081,02801700020328,-0.0
9050,01611704020189,-0.0
9051,01671704020195,0.0
9052,01681704020196,0.0
9053,01691705020197,0.0
9054,01701704020198,0.0
9086,02851700020333,0.0
9087,02861700020334,0.0
9088,02901701020337,0.0
9090,03041700020352,-0.0
9091,03051700020353,-0.0
9092,03061700020355,-0.0
9093,03081700020356,-0.0
9094,03091700020357,0.0
9095,03101700020358,0.0
9096,03121700020360,0.0
9097,03131700020361,0.0
9066,02321700020260,0.0
9067,02331700020261,0.0
9068,02341700020262,0.0
9069,02371705020265,0.0
9070,02391700020267,0.0
9102,03301700020372,0.0
9103,03311700020373,0.0
9104,03321700020374,0.0
9105,03331700020375,0.0
9106,03341700020376,0.0
9107,03351700020377,0.0
9108,03361700020378,0.0
9109,03371700020379,0.0
9110,03381700020380,0.0
9111,03391700020381,0.0
9112,03401700020382,0.0
9113,03521700020400,-0.0
9082,02811700020329,-0.0
9083,02821700020330,0.0
9084,02831700020331,0.0
9085,02841700020332,-0.0
9118,03571700020405,0.0
9119,03581700020406,0.0
9120,03591700020407,0.0
9121,03601700020408,-0.0
9122,03611700020409,-0.0
9123,03621700020410,-0.0
9124,03631700020411,-0.0
9125,03641700020412,-0.0
9126,03651700020413,-0.0
9127,03661700020414,-0.0
9128,03671700020415,-0.0
9129,03681700020416,-0.0
9098,03261700020368,0.0
9099,03271700020369,0.0
9100,03281700020370,0.0
9101,03291700020371,0.0
9134,03731700020421,-0.0
9135,03741700020422,-0.0
9136,03761700020424,-0.0
9137,03831705020431,0.0
9138,03841705020432,0.0
9139,03851704020433,0.0
9140,03861705020434,0.0
9141,03871700020435,0.0
9142,03881705020437,0.0
9143,03901705020438,0.0
9144,03911704020439,0.0
9145,03921705020440,0.0
9114,03531700020401,-0.0
9115,03541700020402,0.0
9116,03551700020403,-0.0
9117,03561700020404,0.0
9150,04141700020462,-0.0
9151,04161705020464,0.0
9152,04171704020465,0.0
9153,04331700020481,0.0
9154,04341700020482,0.0
9155,04351701020483,-0.0
9156,04361701020484,-0.0
9157,04371700020485,0.0
9158,04391704020487,-0.0
9159,04431705020491,-0.0
9160,04451705020493,-0.0
9161,04461700020494,0.0
9130,03691700020417,-0.0
9131,03701700020418,-0.0
9132,03711700020419,-0.0
9133,03721700020420,-0.0
9166,04531704020501,0.0
9167,04541705020502,0.0
9168,04551705020503,0.0
9169,04571705020505,0.0
9170,04581704020506,0.0
9171,04601705020508,0.0
9172,04621705020510,0.0
9173,04631705020511,0.0
9174,04741700020512,-0.0
9175,04761705020514,-0.0
9176,04771704020515,0.0
9177,04641705020517,0.0
9146,04101700020457,0.0
9147,04111701020458,-0.0
9148,04131704020460,-0.0
9149,04051704020461,0.0
9182,04711704020524,-0.0
9183,04721705020525,0.0
9184,04731705020526,0.0
9185,04791700020527,-0.0
9186,04801705020528,-0.0
9187,04811705020529,0.0
9188,04821705020530,0.0
9189,04831700020531,-0.0
9190,04841700020532,0.0
9191,04851700020533,-0.0
9192,04861700020534,-0.0
9193,04871700020535,0.0
9162,04471704020495,0.0
9163,04501700020498,-0.0
9164,04511700020499,-0.0
9165,04521705020500,0.0
9198,04951705020543,0.0
9199,04991705020547,0.0
9200,05001705020548,0.0
9201,05011700020549,0.0
9202,05021705020550,0.0
9203,05031704020551,0.0
9204,05061705020554,0.0
9205,05071704020555,0.0
9206,05141705020562,0.0
9207,05151704020563,0.0
9208,05161705020564,0.0
9209,05171700020565,0.0
9178,04651704020518,0.0
9179,04671705020520,0.0
9180,04691704020522,-0.0
9181,04701705020523,0.0
9214,05221704020570,0.0
9215,05251705020573,-0.0
9216,05271705020576,0.0
9217,05281704020577,0.0
9218,05301705020579,0.0
9219,05321705020580,0.0
9220,05431700020591,-0.0
9221,05441700020592,-0.0
9222,05451700020593,0.0
9223,05461705020594,0.0
9224,05521700020600,0.0
9225,05531705020601,0.0
9194,04881700020536,-0.0
9195,04891700020537,-0.0
9196,04901700020538,-0.0
9197,04941700020542,0.0
9230,05591705020607,0.0
9231,05601704020608,0.0
9232,05611704020609,0.0
9233,05621701020610,-0.0
9234,05631701020611,-0.0
9235,05641701020612,-0.0
9236,05661700020614,-0.0
9237,05701700020618,0.0
9238,05711700020619,0.0
9239,05741700020622,-0.0
9240,05751700020623,-0.0
9241,05761700020624,-0.0
9210,05181700020566,0.0
9211,05191705020567,0.0
9212,05201704020568,0.0
9213,05211705020569,0.0
9246,05841700020633,0.0
9247,05881700020636,0.0
9248,05901700020638,0.0
9249,05911703020639,-0.0
9250,05921703020640,-0.0
9251,05931703020641,0.0
9252,05941700020642,0.0
9253,05951700020643,0.0
9254,05961705020644,0.0
9255,06061700020654,0.0
9256,06071700020655,0.0
9257,06081700020656,0.0
9226,05541704020602,0.0
9227,05551705020603,0.0
9228,05561700020604,0.0
9229,05571704020606,0.0
9262,06201700020668,-0.0
9263,06211700020669,-0.0
9264,06221700020670,-0.0
9265,06231700020671,0.0
9266,06241700020672,0.0
9267,06251700020673,0.0
9268,06261700020674,-0.0
9269,06271700020675,-0.0
9270,06281700020676,-0.0
9271,06291700020677,0.0
9272,06301700020678,0.0
9273,06311700020679,0.0
9242,05791700020627,0.0
9243,05811705020629,0.0
9244,05821704020630,0.0
9245,05831700020632,0.0
9278,06361700020684,-0.0
9279,06371700020685,-0.0
9280,06381700020686,-0.0
9281,06391700020687,-0.0
9282,06401700020688,-0.0
9283,06411700020689,0.0
9284,06421704020690,0.0
9285,06441704020692,-0.0
9286,06461704020694,0.0
9287,06521700020700,0.0
9288,06531704020701,0.0
9289,06541701020702,0.0
9258,06121700020660,0.0
9259,06171700020665,0.0
9260,06181700020666,0.0
9261,06191700020667,-0.0
9294,06681704020716,-0.0
9295,06771700020725,0.0
9296,06781700020726,0.0
9297,06791700020727,-0.0
9298,06801700020728,0.0
9299,06861700020734,-0.0
9300,06881700020736,0.0
9301,06901705020738,0.0
9302,06911704020739,0.0
9303,06951700020743,-0.0
9304,06971700020745,0.0
9305,06981700020746,-0.0
9274,06321700020680,0.0
9275,06331700020681,0.0
9276,06341700020682,0.0
9277,06351700020683,-0.0
9310,07031700020751,0.0
9311,07041700020752,0.0
9312,07051700020753,-0.0
9313,07071700020755,-0.0
9314,07081700020756,0.0
9315,07101700020758,-0.0
9316,07121704020760,0.0
9317,07131704020761,0.0
9318,07141700020762,-0.0
9319,07161700020764,0.0
9320,07171700020765,0.0
9321,07181700020766,-0.0
9290,06551701020703,0.0
9291,06561701020704,0.0
9292,06571700020705,0.0
9293,06581700020706,-0.0
9326,07251700020773,0.0
9327,07261700020774,-0.0
9328,07271704020775,-0.0
9329,07281704020776,-0.0
9330,07291704020777,-0.0
9331,07301704020778,0.0
9332,07311704020779,-0.0
9333,07321704020780,0.0
9334,07331704020781,0.0
9335,07341704020782,0.0
9336,07351704020783,-0.0
9337,07361700020784,-0.0
9306,06991704020747,0.0
9307,07001704020748,0.0
9308,07011700020749,-0.0
9309,07021700020750,-0.0
9342,07411701020789,-0.0
9343,07421701020790,-0.0
9344,07431700020791,-0.0
9345,07441700020792,-0.0
9346,07451700020793,-0.0
9347,07461700020794,-0.0
9348,07471700020795,-0.0
9349,07511700020799,-0.0
9350,07521700020800,-0.0
9351,07531700020801,-0.0
9352,07551701020803,-0.0
9353,07561701020804,-0.0
9322,07191700020767,0.0
9323,07211700020769,0.0
9324,07221700020770,-0.0
9325,07231700020771,-0.0
9358,07611701020809,-0.0
9359,07621701020810,-0.0
9360,07631701020811,-0.0
9361,08151705020854,0.0
9362,08161705020855,0.0
9363,08171705020856,0.0
9364,08281705020867,-0.0
9365,08371705020876,-0.0
9366,07691700020878,-0.0
9367,07721705020881,0.0
9368,08691705020917,0.0
9369,08701705020918,0.0
9338,07371700020785,-0.0
9339,07381703020786,0.0
9340,07391703020787,0.0
9341,07401700020788,-0.0
9374,08801700020928,-0.0
9375,08811704020929,-0.0
9376,08821704020930,0.0
9377,08831704020931,-0.0
9378,08841704020932,-0.0
9379,08851704020933,-0.0
9380,08861704020934,0.0
9381,08871704020935,-0.0
9382,08881704020936,-0.0
9383,08891704020937,-0.0
9384,08901701020938,-0.0
9385,08911701020939,-0.0
9354,07571701020805,0.0
9355,07581701020806,-0.0
9356,07591701020807,-0.0
9357,07601701020808,0.0
9390,08961701020944,-0.0
9391,08981701020946,-0.0
9392,09001705020948,0.0
9393,09011704020949,-0.0
9394,09021700020950,0.0
9395,09031700020951,0.0
9396,09041700020952,0.0
9397,09051700020953,0.0
9398,09061705020954,0.0
9399,09091705020957,0.0
9400,09111700020959,-0.0
9401,09121700020960,0.0
9370,08711704020919,0.0
9371,08721705020920,0.0
9372,08731705020921,0.0
9373,08741704020922,0.0
9406,09411700020973,0.0
9407,09441700020976,-0.0
9408,09461700020978,0.0
9409,09471700020979,-0.0
9410,09501700020982,0.0
9411,09511700020983,0.0
9412,09521700020984,0.0
9413,09561700020988,-0.0
9414,09571700020989,-0.0
9415,09581700020990,-0.0
9416,09591700020991,-0.0
9417,09601700020992,-0.0
9386,08921701020940,-0.0
9387,08931701020941,-0.0
9388,08941701020942,-0.0
9389,08951700020943,0.0
9422,09651705020997,0.0
9423,09171704021001,-0.0
9424,09691700021008,-0.0
9425,09701700021009,0.0
9426,09711700021010,-0.0
9427,09721700021011,-0.0
9428,09731700021012,-0.0
9429,09741700021013,-0.0
9430,09811700021014,-0.0
9431,09821700021015,-0.0
9432,09751700021016,-0.0
9433,09761701021017,-0.0
9402,09131700020961,0.0
9403,09331700020965,-0.0
9404,09341700020966,0.0
9405,09351700020967,-0.0
9438,09831700021022,-0.0
9439,09841700021023,-0.0
9440,09851700021024,0.0
9441,09861700021025,0.0
9442,09871700021026,0.0
9443,09881700021027,0.0
9444,09891700021028,-0.0
9445,09901701021029,-0.0
9446,09911700021030,-0.0
9447,09921701021031,-0.0
9448,09931700021032,-0.0
9449,09941701021033,-0.0
9418,09611700020993,-0.0
9419,09621700020994,-0.0
9420,09631705020995,0.0
9421,09641700020996,0.0
9454,09991700021038,-0.0
9455,10001700021039,-0.0
9456,10011700021040,-0.0
9457,10021700021041,-0.0
9458,10051700021044,0.0
9459,10061700021045,0.0
9460,10071700021046,0.0
9461,10081700021047,0.0
9462,10091700021048,0.0
9463,10101700021049,0.0
9464,10111700021050,0.0
9465,10121700021051,0.0
9434,09771700021018,-0.0
9435,09781701021019,-0.0
9436,09791700021020,-0.0
9437,09801701021021,-0.0
9470,10171700021056,0.0
9471,10181701021057,0.0
9472,10191700021058,0.0
9473,10201700021059,0.0
9474,10211700021060,0.0
9475,10221700021061,0.0
9476,10231700021062,-0.0
9477,10241700021063,0.0
9478,10251700021064,0.0
9479,10261700021065,0.0
9480,10271701021066,0.0
9481,10291701021068,0.0
9450,09951700021034,0.0
9451,09961700021035,0.0
9452,09971700021036,-0.0
9453,09981700021037,-0.0
9486,10371701021076,-0.0
9487,10381700021077,0.0
9488,10391701021078,-0.0
9489,10421705021081,-0.0
9490,10491700021088,-0.0
9491,09311705021098,-0.0
9492,09321705021099,-0.0
9493,10601700021105,0.0
9494,10611700021106,0.0
9495,10621700021107,-0.0
9496,10631700021108,0.0
9497,10591700021114,0.0
9466,10131700021052,0.0
9467,10141701021053,0.0
9468,10151700021054,0.0
9469,10161701021055,0.0
9502,10921702021140,0.0
9503,10971705021145,0.0
9504,10981705021146,0.0
9505,11021701021150,0.0
9506,11031701021151,-0.0
9507,11041701021152,0.0
9508,11051701021153,-0.0
9509,11241700021172,-0.0
9510,11431700021191,-0.0
9511,11441700021192,0.0
9512,11461700021194,0.0
9513,11471700021195,0.0
9482,10301700021069,0.0
9483,10311701021070,0.0
9484,10351701021074,-0.0
9485,10361700021075,-0.0
9518,11531700021201,0.0
9519,11541700021202,-0.0
9520,11551700021203,0.0
9521,11561700021204,-0.0
9522,11591700021207,0.0
9523,11601704021208,0.0
9524,11651700021213,0.0
9525,11661700021214,0.0
9526,11681700021216,0.0
9527,11691705021217,0.0
9528,11701700021218,-0.0
9529,11711700021219,0.0
9498,10871705021135,0.0
9499,10881700021136,-0.0
9500,10891700021137,0.0
9501,10901700021138,-0.0
9534,11761700021224,0.0
9535,11771700021225,0.0
9536,11781700021226,0.0
9537,11821701021230,-0.0
9538,11831700021231,-0.0
9539,11841700021232,-0.0
9540,11901700021238,0.0
9541,11921701021240,-0.0
9542,11941700021242,-0.0
9543,11961700021244,0.0
9544,11981700021246,-0.0
9545,11991700021247,-0.0
9514,11491700021197,-0.0
9515,11501701021198,0.0
9516,11511701021199,-0.0
9517,11521700021200,-0.0
9550,12081701021256,-0.0
9551,12091700021257,-0.0
9552,12101700021258,-0.0
9553,12111700021259,0.0
9554,12221705021270,-0.0
9555,12231705021271,-0.0
9556,12261700021274,-0.0
9557,12271700021275,-0.0
9558,12281700021276,-0.0
9559,12291705021277,0.0
9560,12301705021278,0.0
9561,12311700021279,-0.0
9530,11721700021220,-0.0
9531,11731700021221,0.0
9532,11741700021222,-0.0
9533,11751700021223,0.0
9566,12371700021285,0.0
9567,12381700021286,0.0
9568,12401700021288,0.0
9569,12421700021290,0.0
9570,12431700021291,-0.0
9571,12451700021293,0.0
9572,12461700021294,0.0
9573,12521704021300,0.0
9574,12581700021306,0.0
9575,12601700021308,0.0
9576,12671700021315,-0.0
9577,12681705021316,0.0
9546,12021700021250,-0.0
9547,12041700021252,-0.0
9548,12061700021254,0.0
9549,12071700021255,-0.0
9582,12751700021323,0.0
9583,12761700021324,-0.0
9584,12771700021325,0.0
9585,12781700021326,0.0
9586,12791700021327,-0.0
9587,12801700021328,0.0
9588,12811700021329,0.0
9589,12821700021330,0.0
9590,12831700021331,0.0
9591,12841700021332,-0.0
9592,12851700021333,0.0
9593,12861700021334,0.0
9562,12331705021281,0.0
9563,12341704021282,0.0
9564,12351702021283,-0.0
9565,12361700021284,0.0
9598,12931704021341,0.0
9599,12981705021346,0.0
9600,12991700021347,-0.0
9601,13001700021348,0.0
9602,13011705021349,0.0
9603,13091700021357,-0.0
9604,13271700021375,-0.0
9605,13281700021376,-0.0
9606,13291700021377,-0.0
9607,13321704021380,-0.0
9608,13331700021381,-0.0
9609,13341704021382,-0.0
9578,12691700021317,0.0
9579,12701700021318,-0.0
9580,12711700021319,0.0
9581,12721704021320,-0.0
9614,13401705021388,0.0
9615,13411705021389,0.0
9616,13431700021391,0.0
9617,13441700021392,0.0
9618,13621700021410,-0.0
9619,13631700021411,-0.0
9620,13641700021412,-0.0
9621,13651700021413,-0.0
9622,13661700021414,-0.0
9623,13671700021415,-0.0
9624,13681700021416,-0.0
9625,13691700021417,-0.0
9594,12871700021335,0.0
9595,12881700021336,0.0
9596,12911705021339,0.0
9597,12921705021340,0.0
9630,13781700021426,0.0
9631,13801700021428,0.0
9632,13821700021430,0.0
9633,13831700021431,0.0
9634,13981701021446,0.0
9635,13991700021447,0.0
9636,14061700021454,-0.0
9637,14071700021455,-0.0
9638,14091700021457,0.0
9639,14101700021458,-0.0
9640,14111700021459,-0.0
9641,14121700021460,0.0
9610,13351704021383,-0.0
9611,13361700021384,0.0
9612,13371700021385,0.0
9613,13391705021387,0.0
9646,14171700021465,0.0
9647,14201703021468,-0.0
9648,14311700021479,0.0
9649,14321701021480,0.0
9650,00032100021482,-0.0
9651,00042100021483,0.0
9652,00052100021484,0.0
9653,00072100021486,0.0
9654,00252105021504,0.0
9655,00272105021506,0.0
9656,00322100021511,0.0
9657,00332104021512,0.0
9626,13701700021418,0.0
9627,13731700021421,0.0
9628,13741700021422,0.0
9629,13761700021424,0.0
9660,00372105021516,0.0
9661,00382100021517,0.0
9662,00392104021518,0.0
9665,00432100021522,0.0
9666,00442100021523,0.0
9667,00452104021524,0.0
9668,00472105021526,0.0
9669,00482100021527,-0.0
9670,00492105021528,0.0
9671,00502101021529,-0.0
9672,00542101021533,0.0
9673,00552101021534,0.0
9642,14131700021461,-0.0
9643,14141700021462,-0.0
9644,14151700021463,0.0
9645,14161700021464,0.0
9676,00602100021539,0.0
9677,00612104021540,0.0
9678,00622100021541,-0.0
9679,00632100021542,0.0
9680,00642100021543,-0.0
9681,00662105021545,0.0
9682,00672104021546,0.0
9683,00682105021547,-0.0
9684,00692105021548,-0.0
9685,00702105021549,0.0
9686,00722100021551,-0.0
9687,00732100021552,0.0
9688,00742100021553,0.0
9689,00752100021554,-0.0
9658,00342100021513,-0.0
9659,00352105021514,0.0
9692,00802100021559,0.0
9693,00812104021560,0.0
9694,00822100021561,0.0
9695,00832104021562,-0.0
9696,00842104021563,0.0
9697,00852100021565,-0.0
9698,00862105021566,0.0
9699,01082100021588,-0.0
9700,01092100021589,-0.0
9701,01102100021590,-0.0
9702,01122101021592,-0.0
9703,01142100021594,0.0
9704,01152100021595,0.0
9705,01162100021596,0.0
9674,00562100021535,-0.0
9675,00582100021537,-0.0
9708,01202105021600,0.0
9709,01212100021601,-0.0
9710,01222105021602,-0.0
9711,01452100021605,0.0
9712,01462104021606,0.0
9713,01472104021607,0.0
9714,01492104021609,0.0
9715,01512104021611,0.0
9716,01522104021612,0.0
9717,01532104021613,0.0
9718,01542104021614,0.0
9719,01612104021621,0.0
9720,01672104021627,0.0
9721,01682104021628,0.0
9690,00762104021555,-0.0
9691,00792100021558,0.0
9724,01842101021644,0.0
9725,02152100021675,0.0
9726,02172100021677,0.0
9727,02192105021679,0.0
9728,02202105021680,0.0
9729,02212100021681,-0.0
9730,02242100021684,-0.0
9731,02252105021685,0.0
9732,02332100021693,-0.0
9733,02372105021697,0.0
9734,02432100021703,-0.0
9735,02442100021704,-0.0
9736,02452100021705,-0.0
9737,02462100021706,0.0
9706,01172100021597,-0.0
9707,01192100021599,0.0
9740,02492100021709,-0.0
9741,02502100021710,-0.0
9742,01252100021738,-0.0
9743,01262100021739,0.0
9744,01272100021740,0.0
9745,01282100021741,-0.0
9746,01292100021742,-0.0
9747,01302100021743,-0.0
9748,01312100021744,-0.0
9749,01322100021745,0.0
9750,01332100021746,-0.0
9751,01342100021747,-0.0
9752,01352100021748,-0.0
9753,01362100021749,-0.0
9722,01722105021632,-0.0
9723,01832101021643,0.0
9756,01392100021752,-0.0
9757,01402100021753,-0.0
9758,01412100021754,-0.0
9759,01432100021756,-0.0
9760,02772104021757,0.0
9761,02842100021764,-0.0
9762,02852100021765,0.0
9763,02872100021767,-0.0
9764,02882105021768,0.0
9765,02902101021769,-0.0
9766,02912100021770,-0.0
9767,02932105021772,0.0
9768,02892105021773,0.0
9769,02952100021775,-0.0
9738,02472100021707,-0.0
9739,02482100021708,-0.0
9772,03042100021784,0.0
9773,03052100021785,0.0
9774,03072100021786,0.0
9775,03062100021787,0.0
9776,03082100021788,0.0
9777,03102100021790,0.0
9778,03112100021791,-0.0
9779,03132100021793,-0.0
9780,03512100021831,0.0
9781,03522100021832,0.0
9782,03532100021833,0.0
9783,03542100021834,-0.0
9784,03552100021835,-0.0
9785,03562100021836,-0.0
9754,01372100021750,-0.0
9755,01382100021751,-0.0
9788,03612100021841,0.0
9789,03622100021842,0.0
9790,03632100021843,0.0
9791,03652100021845,0.0
9792,03672100021847,0.0
9793,03712100021851,0.0
9794,03732100021853,-0.0
9795,03762100021856,0.0
9796,03822100021862,0.0
9797,03832105021863,0.0
9798,03842105021864,0.0
9799,03852104021865,0.0
9800,03862105021866,0.0
9801,03872100021867,0.0
9770,02962100021776,0.0
9771,03022105021782,0.0
9804,03912104021871,0.0
9805,03922105021872,0.0
9806,03942105021874,-0.0
9807,03952104021875,0.0
9808,03962100021876,-0.0
9809,03992105021879,0.0
9810,04022100021882,0.0
9811,04032100021883,0.0
9812,04042100021884,-0.0
9813,04112101021890,-0.0
9814,04132104021892,0.0
9815,04052104021893,0.0
9816,04152100021895,0.0
9817,04162105021896,0.0
9786,03582100021838,0.0
9787,03602100021840,0.0
9820,04382100021918,0.0
9821,04392104021919,0.0
9822,04402100021920,0.0
9823,04412105021921,-0.0
9824,04422100021922,-0.0
9825,04432105021923,0.0
9826,04442100021924,0.0
9827,04452105021925,0.0
9828,04462100021926,-0.0
9829,04472104021927,-0.0
9830,04482100021928,0.0
9831,04522105021932,0.0
9832,04532104021933,0.0
9833,04542105021934,0.0
9802,03882105021869,0.0
9803,03902105021870,0.0
9836,04582104021938,0.0
9837,04602105021940,0.0
9838,04622105021942,0.0
9839,04632105021943,0.0
9840,04742100021944,0.0
9841,04762105021946,0.0
9842,04772104021947,0.0
9843,04642105021949,0.0
9844,04652104021950,0.0
9845,04672105021952,0.0
9846,04692104021954,0.0
9847,04702105021955,0.0
9848,04712104021956,0.0
9849,04722105021957,0.0
9818,04172104021897,0.0
9819,04372100021917,-0.0
9852,04802105021960,0.0
9853,04812105021961,0.0
9854,04822105021962,0.0
9855,04832100021963,-0.0
9856,04842100021964,0.0
9857,04852100021965,-0.0
9858,04862100021966,-0.0
9859,04872100021967,-0.0
9860,04882100021968,-0.0
9861,04892100021969,0.0
9862,04952105021975,0.0
9863,04992105021979,0.0
9864,05002105021980,0.0
9865,05022105021982,0.0
9834,04552105021935,0.0
9835,04572105021937,0.0
9868,05072104021987,0.0
9869,05092105021989,0.0
9870,05132100021993,-0.0
9871,05142105021994,0.0
9872,05152104021995,0.0
9873,05162105021996,0.0
9874,05192105021999,0.0
9875,05202104022000,0.0
9876,05212105022001,0.0
9877,05222104022002,0.0
9878,05262100022007,-0.0
9879,05272105022008,0.0
9880,05282104022009,0.0
9881,05292100022010,-0.0
9850,04732105021958,0.0
9851,04792100021959,-0.0
9884,05422105022022,0.0
9885,05432100022023,-0.0
9886,05442100022024,-0.0
9887,05452100022025,0.0
9888,05462105022026,0.0
9889,05472100022027,-0.0
9890,05482105022028,0.0
9891,05512100022031,-0.0
9892,05532105022033,0.0
9893,05542104022034,0.0
9894,05552105022035,0.0
9895,05562100022036,-0.0
9896,05572104022038,0.0
9897,05592105022039,0.0
9866,05032104021983,0.0
9867,05062105021986,0.0
9900,05622101022042,0.0
9901,05632101022043,0.0
9902,05642101022044,0.0
9903,05652100022045,-0.0
9904,05662100022046,-0.0
9905,05742100022054,0.0
9906,05782105022058,-0.0
9907,05852100022063,-0.0
9908,05832100022064,-0.0
9909,05842100022065,-0.0
9910,05872100022067,0.0
9911,05892100022069,0.0
9912,05942100022074,-0.0
9913,05952100022075,-0.0
9882,05302105022011,0.0
9883,05322105022012,0.0
9916,06032100022083,-0.0
9917,06042100022084,0.0
9918,06052100022085,0.0
9919,06062100022086,0.0
9920,06092100022089,-0.0
9921,06102100022090,0.0
9922,06112100022091,0.0
9923,06122100022092,0.0
9924,06172100022097,-0.0
9925,06212100022101,-0.0
9926,06232100022103,-0.0
9927,06252100022105,-0.0
9928,06262100022106,-0.0
9929,06282100022108,-0.0
9898,05602104022040,0.0
9899,05612104022041,0.0
9932,06412100022121,-0.0
9933,06422104022122,0.0
9934,06442104022124,0.0
9935,06462104022126,0.0
9936,06522100022132,0.0
9937,06532104022133,-0.0
9938,06542101022134,0.0
9939,06552101022135,0.0
9940,06562101022136,0.0
9941,06572100022137,-0.0
9942,06582100022138,0.0
9943,06682104022148,0.0
9944,06772100022157,-0.0
9945,06782100022158,0.0
9914,05962105022076,-0.0
9915,05972100022077,0.0
9946,06792100022159,0.0
9947,06802100022160,0.0
9948,06952100022175,-0.0
9949,06982100022178,-0.0
9950,06992104022179,0.0
9951,07002104022180,0.0
9952,07012100022181,-0.0
9953,07022100022182,-0.0
9954,07032100022183,-0.0
9955,07042100022184,0.0
9958,07082100022188,0.0
9959,07092100022189,-0.0
9960,07102100022190,-0.0
9961,07112100022191,-0.0
9930,06292100022109,-0.0
9931,06312100022111,-0.0
25482,09721900058448,0.0
25483,09731900058449,-0.0
25484,09741900058450,-0.0
25485,11521900058451,-0.0
25486,11531900058452,0.0
25487,11541900058453,-0.0
25488,11561900058455,-0.0
25489,11571900058456,-0.0
25490,11731900058457,0.0
25491,11741900058458,0.0
25492,11751900058459,0.0
25493,11761900058460,0.0
25494,11771900058461,0.0
25495,11781900058462,-0.0
25496,14061900058463,0.0
25497,14071900058464,0.0
9962,07122104022192,0.0
9963,07132104022193,0.0
9964,07152100022195,-0.0
9965,07162100022196,0.0
9966,07172100022197,0.0
9967,07182100022198,0.0
9968,07202100022200,0.0
9969,07212100022201,0.0
9970,07232100022203,0.0
9971,07252100022205,-0.0
9972,07262100022206,0.0
9973,07272104022207,0.0
9974,07282104022208,0.0
9975,07292104022209,0.0
9976,07302104022210,-0.0
9977,07312104022211,0.0
10009,07892103022260,0.0
9978,07332104022213,0.0
9979,07342104022214,0.0
9980,07352104022215,0.0
9981,07362100022216,-0.0
9982,07372100022217,-0.0
9983,07382103022218,0.0
9984,07392103022219,0.0
9986,07412101022221,0.0
9987,07422101022222,0.0
9988,07432100022223,0.0
9989,07442100022224,0.0
9990,07452100022225,-0.0
9991,07462100022226,-0.0
9992,07472100022227,-0.0
9993,07512100022231,-0.0
10025,07742100022314,-0.0
9994,07522100022232,-0.0
9995,07532100022233,-0.0
9996,07552101022235,-0.0
9997,07562101022236,-0.0
9998,07572101022237,-0.0
9999,07582101022238,-0.0
10000,07592101022239,-0.0
10001,07602101022240,-0.0
10002,07612101022241,-0.0
10003,07622101022242,-0.0
10004,07632101022243,-0.0
10005,07782100022249,0.0
10006,07792105022250,0.0
10007,07802105022251,-0.0
10008,07882103022259,0.0
10041,08742104022354,0.0
10010,07912103022262,-0.0
53,01610104000141,0.0
10012,08002103022271,-0.0
10013,08032103022274,0.0
10014,08102103022281,0.0
10015,08132103022284,-0.0
10016,08152105022286,0.0
10017,08162105022287,-0.0
10018,08242105022289,-0.0
10019,08212105022293,0.0
10020,08252105022294,0.0
10021,08262105022295,0.0
10022,08282105022299,0.0
10023,08302105022301,0.0
10024,08372105022308,-0.0
10057,08942101022374,0.0
10026,07732100022315,-0.0
10027,07752100022316,-0.0
10028,07762100022317,-0.0
10029,08402104022320,-0.0
10030,08412104022321,-0.0
10031,08452103022325,0.0
10032,08532103022333,-0.0
10033,08562103022336,0.0
10034,08582103022338,0.0
10035,08662103022346,0.0
10036,08692105022349,0.0
10037,08702105022350,0.0
10038,08712104022351,0.0
10039,08722105022352,0.0
10040,08732105022353,0.0
10073,09392100022403,-0.0
10042,08752105022355,0.0
10043,08762105022356,0.0
10044,08792100022359,-0.0
10045,08802100022360,0.0
10046,08812104022361,0.0
10047,08832104022363,0.0
10048,08842104022364,-0.0
10049,08852104022365,0.0
10050,08872104022367,0.0
10051,08882104022368,0.0
10052,08892104022369,0.0
10053,08902101022370,0.0
10054,08912101022371,-0.0
10055,08922101022372,0.0
10056,08932101022373,0.0
10089,09552100022419,-0.0
10058,08952100022375,-0.0
10059,08982101022378,0.0
10060,09012104022381,-0.0
10061,09022100022382,0.0
10062,09032100022383,0.0
10063,09042100022384,-0.0
10064,09052100022385,-0.0
10065,09062105022386,-0.0
10066,09072100022387,0.0
10067,09082100022388,0.0
10068,09112100022391,-0.0
10069,09122100022392,0.0
10070,09132100022393,-0.0
10071,09372105022401,0.0
10072,09382100022402,-0.0
10105,09762101022449,0.0
10074,09402100022404,-0.0
10075,09412100022405,0.0
10076,09422100022406,0.0
10077,09432100022407,0.0
10078,09442100022408,0.0
10079,09452100022409,0.0
10080,09462100022410,0.0
10081,09472100022411,0.0
10082,09482100022412,0.0
10083,09492100022413,0.0
10084,09502100022414,0.0
10085,09512100022415,0.0
10086,09522100022416,0.0
10087,09532100022417,0.0
10088,09542100022418,-0.0
10121,09962100022467,0.0
10090,09562100022420,0.0
10091,09632105022427,-0.0
10092,09642100022428,-0.0
10093,09652105022429,0.0
10094,09662105022430,0.0
10095,09172104022433,-0.0
10096,09692100022440,0.0
10097,09702100022441,0.0
10098,09712100022442,0.0
10099,09722100022443,0.0
10100,09732100022444,0.0
10101,09742100022445,-0.0
10102,09812100022446,-0.0
10103,09822100022447,-0.0
10104,09752100022448,-0.0
10137,10122100022483,0.0
10106,09772100022450,-0.0
10107,09782101022451,0.0
10108,09792100022452,-0.0
10109,09802101022453,0.0
10110,09832100022454,-0.0
10111,09842100022455,-0.0
10112,09872100022458,0.0
10113,09882100022459,0.0
10114,09892100022460,0.0
10115,09902101022461,0.0
10116,09912100022462,0.0
10117,09922101022463,0.0
10118,09932100022464,0.0
10119,09942101022465,0.0
10120,09952100022466,0.0
10153,10312101022502,0.0
10122,09972100022468,0.0
10123,09982100022469,0.0
10124,09992100022470,0.0
10125,10002100022471,0.0
10126,10012100022472,0.0
10127,10022100022473,0.0
10128,10032100022474,0.0
10129,10042100022475,0.0
10130,10052100022476,0.0
10131,10062100022477,0.0
10132,10072100022478,0.0
10133,10082100022479,0.0
10134,10092100022480,0.0
10135,10102100022481,0.0
10136,10112100022482,0.0
10169,10772100022557,-0.0
10138,10132100022484,0.0
10139,10142101022485,0.0
10140,10152100022486,0.0
10141,10162101022487,0.0
10142,10182101022489,0.0
10143,10192100022490,0.0
10144,10212100022492,0.0
10145,10222100022493,0.0
10146,10232100022494,-0.0
10147,10242100022495,-0.0
10148,10252100022496,0.0
10149,10272101022498,0.0
10150,10282100022499,-0.0
10151,10292101022500,0.0
10152,10302100022501,0.0
10185,11302100022609,-0.0
10154,10322100022503,0.0
10155,10352101022506,0.0
10156,10372101022508,0.0
10157,10392101022510,0.0
10158,09252105022526,0.0
10159,09282105022527,0.0
10160,09312105022530,0.0
10161,09322105022531,0.0
10162,10602100022537,-0.0
10163,10612100022538,-0.0
10164,10622100022539,-0.0
10165,10632100022540,-0.0
10166,10572100022544,-0.0
10167,10592100022546,0.0
10168,10682100022548,-0.0
10201,11722100022652,0.0
10170,10802100022560,0.0
10171,10872105022567,0.0
10172,10882100022568,-0.0
10173,10892100022569,-0.0
10174,10902100022570,-0.0
10175,10922102022572,0.0
10176,10942102022574,0.0
10177,10952100022575,0.0
10178,10972105022577,-0.0
10179,10982105022578,-0.0
10180,11022101022582,0.0
10181,11032101022583,-0.0
10182,11042101022584,0.0
10183,11052101022585,-0.0
10184,11242100022604,0.0
10217,12092100022689,0.0
10186,11292100022610,-0.0
10187,11462100022626,0.0
10188,11492100022629,0.0
10189,11512101022631,0.0
10190,11522100022632,0.0
10191,11532100022633,0.0
10192,11542100022634,0.0
10193,11552100022635,0.0
10194,11562100022636,-0.0
10195,11572100022637,-0.0
10196,11592100022639,-0.0
10197,11602104022640,-0.0
10198,11672105022647,0.0
10199,11682100022648,0.0
10200,11692105022649,0.0
10233,12382100022718,-0.0
10202,11732100022653,-0.0
10203,11742100022654,0.0
10204,11752100022655,-0.0
10205,11762100022656,-0.0
10206,11772100022657,-0.0
10207,11782100022658,-0.0
10208,11822101022662,0.0
10209,11832100022663,-0.0
10210,11842100022664,-0.0
10211,11902100022670,-0.0
10212,11922101022672,0.0
10213,11942100022674,-0.0
10214,11962100022676,-0.0
10215,12072100022687,0.0
10216,12082101022688,0.0
10249,12772100022757,-0.0
10218,12102100022690,0.0
10219,12112100022691,0.0
10220,12222105022702,0.0
10221,12232105022703,0.0
10222,12262100022706,-0.0
10223,12272100022707,-0.0
10224,12282100022708,-0.0
10225,12292105022709,0.0
10226,12302105022710,0.0
10227,12322100022712,0.0
10228,12332105022713,0.0
10229,12342104022714,0.0
10230,12352102022715,-0.0
10231,12362100022716,-0.0
10232,12372100022717,-0.0
10265,12962100022776,0.0
10234,12432100022723,0.0
10235,12452100022725,0.0
10236,12472100022727,0.0
10237,12482100022728,0.0
10238,12502100022730,0.0
10239,12582100022738,0.0
10240,12602100022740,0.0
10241,12672100022747,0.0
10242,12682105022748,0.0
10243,12692100022749,0.0
10244,12702100022750,0.0
10245,12712100022751,0.0
10246,12722104022752,0.0
10247,12752100022755,0.0
10248,12762100022756,-0.0
10281,13332100022813,0.0
10250,12782100022758,-0.0
10251,12792100022759,-0.0
10252,12802100022760,-0.0
10253,12812100022761,-0.0
10254,12822100022762,-0.0
10255,12832100022763,0.0
10256,12842100022764,0.0
10257,12852100022765,-0.0
10258,12862100022766,-0.0
10259,12872100022767,0.0
10260,12882100022768,-0.0
10261,12902100022770,0.0
10262,12912105022771,0.0
10263,12922105022772,0.0
10264,12932104022773,0.0
10297,13682100022848,-0.0
10266,12982105022778,0.0
10267,12992100022779,-0.0
10268,13002100022780,-0.0
10269,13012105022781,0.0
10270,13022100022782,0.0
10271,13032105022783,-0.0
10272,13042104022784,-0.0
10273,13092100022789,-0.0
10274,13102100022790,-0.0
10275,13272100022807,-0.0
10276,13282100022808,-0.0
10277,13292100022809,-0.0
10278,13312100022810,-0.0
10279,13302100022811,-0.0
10280,13322104022812,0.0
10313,14082100022888,-0.0
10282,13342104022814,0.0
10283,13352104022815,0.0
10284,13362100022816,0.0
10285,13372100022817,0.0
10286,13382100022818,0.0
10287,13392105022819,0.0
10288,13402105022820,0.0
10289,13412105022821,0.0
10290,13432100022823,-0.0
10291,13622100022842,0.0
10292,13632100022843,0.0
10293,13642100022844,0.0
10294,13652100022845,0.0
10295,13662100022846,-0.0
10296,13672100022847,-0.0
10329,00052300022916,-0.0
10298,13692100022849,-0.0
10299,13702100022850,0.0
10300,13712100022851,0.0
10301,13822100022862,0.0
10302,13842100022864,0.0
10303,13862100022866,0.0
10304,13882100022868,0.0
10305,13902100022870,0.0
10306,13922100022872,0.0
10307,13982101022878,0.0
10308,13992100022879,0.0
10309,14022105022882,0.0
10310,14052100022885,-0.0
10311,14062100022886,-0.0
10312,14072100022887,0.0
10345,00422304022953,0.0
10314,14092100022889,0.0
10315,14102100022890,-0.0
10316,14112100022891,-0.0
10317,14122100022892,-0.0
10318,14132100022893,-0.0
10319,14142100022894,-0.0
10320,14152100022895,0.0
10321,14162100022896,0.0
10322,14172100022897,0.0
10323,14202103022900,0.0
10324,14312100022911,0.0
10325,14322101022912,0.0
10326,00022300022913,0.0
10327,00032300022914,-0.0
10328,00042300022915,0.0
10361,00702305022981,-0.0
10330,00062300022917,-0.0
10331,00072300022918,-0.0
10332,00242300022935,0.0
10333,00252305022936,0.0
10334,00262300022937,0.0
10335,00272305022938,-0.0
10336,00322300022943,0.0
10337,00332304022944,0.0
10338,00342300022945,0.0
10339,00352305022946,0.0
10340,00362300022947,0.0
10341,00372305022948,0.0
10342,00382300022949,-0.0
10343,00392304022950,-0.0
10344,00412300022952,0.0
10377,01192300023031,0.0
10346,00432300022954,0.0
10347,00442300022955,0.0
10348,00452304022956,0.0
10349,00482300022959,-0.0
10350,00492305022960,-0.0
10351,00562300022967,-0.0
10352,00582300022969,-0.0
10353,00602300022971,0.0
10354,00612304022972,0.0
10355,00622300022973,0.0
10356,00652300022976,0.0
10357,00662305022977,0.0
10358,00672304022978,0.0
10359,00682305022979,-0.0
10360,00692305022980,0.0
10393,01682304023060,0.0
10362,00722300022983,0.0
10363,00732300022984,-0.0
10364,00742300022985,-0.0
10365,00752300022986,0.0
10366,00762304022987,0.0
10367,00792300022990,0.0
10368,00802300022991,0.0
10369,00812304022992,0.0
10370,00822300022993,0.0
10371,00832304022994,-0.0
10372,00842304022995,0.0
10373,00852300022997,0.0
10374,01012300023013,0.0
10375,01122301023024,-0.0
10376,01142300023026,0.0
10409,02372305023129,0.0
10378,01202305023032,0.0
10379,01212300023033,-0.0
10380,01442304023036,0.0
10381,01452300023037,0.0
10382,01462304023038,0.0
10383,01472304023039,0.0
10384,01502304023042,0.0
10385,01512304023043,0.0
10386,01522304023044,0.0
10387,01532304023045,0.0
10388,01542304023046,0.0
10389,01562300023048,0.0
10390,01602300023052,0.0
10391,01612304023053,0.0
10392,01672304023059,0.0
10425,01332300023178,0.0
10394,01832301023075,-0.0
10395,02032300023095,-0.0
10396,02062305023098,-0.0
10397,02102300023102,-0.0
10398,02112300023103,-0.0
10399,02132300023105,-0.0
10400,02142300023106,-0.0
10401,02152300023107,0.0
10402,02172300023109,0.0
10403,02192305023111,0.0
10404,02202305023112,-0.0
10405,02212300023113,-0.0
10406,02222300023114,-0.0
10407,02332300023125,-0.0
10408,02342300023126,-0.0
10441,02912300023202,0.0
10410,02422300023134,-0.0
10411,02432300023135,-0.0
10412,02442300023136,-0.0
10413,02452300023137,-0.0
10414,02462300023138,0.0
10415,02472300023139,-0.0
10416,02482300023140,-0.0
10417,02492300023141,-0.0
10418,02502300023142,-0.0
10419,01262300023171,-0.0
10420,01272300023172,-0.0
10421,01282300023173,0.0
10422,01292300023174,-0.0
10423,01302300023175,-0.0
10424,01312300023176,-0.0
10457,03532300023265,-0.0
10426,01352300023180,0.0
10427,01362300023181,-0.0
10428,01372300023182,0.0
10429,01382300023183,-0.0
10430,01392300023184,0.0
10431,01412300023186,-0.0
10432,01422300023187,-0.0
10433,01432300023188,0.0
10434,02772304023189,0.0
10435,02782300023190,0.0
10436,02792305023191,0.0
10437,02842300023196,0.0
10438,02852300023197,0.0
10439,02862300023198,0.0
10440,02902301023201,-0.0
10473,03762300023288,-0.0
10442,02922305023203,0.0
10443,02932305023204,0.0
10444,02892305023205,0.0
10445,02952300023207,0.0
10446,03022305023214,-0.0
10447,03042300023216,0.0
10448,03052300023217,-0.0
10449,03072300023218,-0.0
10450,03062300023219,0.0
10451,03092300023221,0.0
10452,03102300023222,0.0
10453,03112300023223,-0.0
10454,03122300023224,0.0
10455,03132300023225,0.0
10456,03522300023264,-0.0
10489,04002305023312,-0.0
10458,03542300023266,-0.0
10459,03552300023267,-0.0
10460,03562300023268,-0.0
10461,03572300023269,0.0
10462,03582300023270,0.0
10463,03592300023271,0.0
10464,03602300023272,0.0
10465,03612300023273,0.0
10466,03622300023274,0.0
10467,03632300023275,-0.0
10468,03652300023277,-0.0
10469,03672300023279,-0.0
10470,03692300023281,-0.0
10471,03712300023283,-0.0
10472,03732300023285,-0.0
10505,04432305023355,0.0
10474,03842305023296,0.0
10475,03852304023297,0.0
10476,03862305023298,0.0
10477,03872300023299,0.0
10478,03892300023300,-0.0
10479,03882305023301,0.0
10480,03902305023302,0.0
10481,03912304023303,0.0
10482,03922305023304,0.0
10483,03942305023306,-0.0
10484,03952304023307,-0.0
10485,03962300023308,0.0
10486,03972305023309,0.0
10487,03982305023310,0.0
10488,03992305023311,0.0
10521,04602305023372,0.0
10490,04012304023313,0.0
10491,04022300023314,0.0
10492,04032300023315,0.0
10493,04042300023316,0.0
10494,04112301023322,-0.0
10495,04132304023324,0.0
10496,04052304023325,0.0
10497,04162305023328,0.0
10498,04172304023329,0.0
10499,04362301023348,0.0
10500,04372300023349,-0.0
10501,04382300023350,0.0
10502,04392304023351,0.0
10503,04412305023353,-0.0
10504,04422300023354,0.0
10537,04812305023393,0.0
10506,04442300023356,-0.0
10507,04452305023357,-0.0
10508,04462300023358,-0.0
10509,04472304023359,-0.0
10510,04482300023360,0.0
10511,04502300023362,0.0
10512,04512300023363,0.0
10513,04522305023364,0.0
10514,04532304023365,0.0
10515,04542305023366,0.0
10516,04552305023367,0.0
10517,04562300023368,-0.0
10518,04572305023369,0.0
10519,04582304023370,-0.0
10520,04592300023371,-0.0
10553,05182300023430,-0.0
10522,04622305023374,0.0
10523,04632305023375,0.0
10524,04742300023376,-0.0
10525,04762305023378,0.0
10526,04772304023379,0.0
10527,04642305023381,0.0
10528,04652304023382,0.0
10529,04662300023383,0.0
10530,04672305023384,0.0
10531,04682300023385,0.0
10532,04692304023386,-0.0
10533,04702305023387,0.0
10534,04712304023388,0.0
10535,04722305023389,0.0
10536,04732305023390,0.0
10569,05502300023462,-0.0
10538,04822305023394,-0.0
10539,04832300023395,0.0
10540,04842300023396,0.0
10541,04852300023397,-0.0
10542,04862300023398,0.0
10543,04872300023399,-0.0
10544,04962304023408,0.0
10545,04992305023411,0.0
10546,05002305023412,0.0
10547,05022305023414,-0.0
10548,05032304023415,-0.0
10549,05142305023426,0.0
10550,05152304023427,0.0
10551,05162305023428,0.0
10552,05172300023429,-0.0
10584,05742300023486,0.0
10585,05792300023491,-0.0
10554,05192305023431,0.0
10555,05202304023432,-0.0
10556,05212305023433,0.0
10557,05222304023434,0.0
10558,05312300023438,0.0
10559,05272305023440,0.0
10560,05282304023441,0.0
10561,05322305023444,0.0
10562,05422305023454,0.0
10564,05442300023456,0.0
10565,05452300023457,0.0
10566,05462305023458,0.0
10567,05472300023459,-0.0
10568,05492305023461,-0.0
10600,06102300023522,-0.0
10601,06112300023523,-0.0
10570,05522300023464,0.0
10571,05532305023465,0.0
10572,05542304023466,-0.0
10573,05552305023467,-0.0
10574,05562300023468,0.0
10575,05572304023470,-0.0
10576,05592305023471,0.0
10577,05602304023472,0.0
10578,05612304023473,-0.0
10579,05622301023474,-0.0
10580,05632301023475,-0.0
10581,05642301023476,-0.0
10582,05652300023477,0.0
10583,05662300023478,-0.0
10615,06522300023564,0.0
10616,06532304023565,-0.0
10617,06542301023566,-0.0
10586,05802300023492,-0.0
10587,05812305023493,0.0
10588,05822304023494,-0.0
10589,05852300023495,0.0
10590,05832300023496,0.0
10591,05842300023497,0.0
10593,05882300023500,0.0
10594,05892300023501,-0.0
10595,05902300023502,0.0
10596,06042300023516,-0.0
10597,06052300023517,-0.0
10598,06062300023518,0.0
10599,06072300023519,-0.0
10631,07002304023612,0.0
10632,07012300023613,-0.0
10633,07022300023614,0.0
10602,06122300023524,-0.0
10603,06172300023529,0.0
10604,06192300023531,0.0
10605,06212300023533,0.0
10606,06232300023535,0.0
10607,06252300023537,0.0
10608,06262300023538,0.0
10609,06282300023540,0.0
10610,06292300023541,0.0
10611,06312300023543,0.0
10612,06412300023553,0.0
10613,06422304023554,-0.0
10614,06462304023558,-0.0
10646,07182300023630,-0.0
10647,07192300023631,-0.0
10648,07212300023633,0.0
10618,06552301023567,-0.0
10619,06562301023568,-0.0
10620,06572300023569,0.0
10621,06582300023570,-0.0
10622,06682304023580,0.0
10623,06772300023589,0.0
10624,06812302023593,-0.0
10625,06882300023600,-0.0
10626,06892300023601,0.0
10627,06902305023602,-0.0
10628,06912304023603,-0.0
10629,06952300023607,0.0
10630,06992304023611,-0.0
10662,07382303023650,0.0
10663,07392303023651,0.0
10664,07402300023652,0.0
10665,07412301023653,-0.0
10634,07032300023615,-0.0
10635,07042300023616,-0.0
10636,07082300023620,0.0
10637,07092300023621,-0.0
10638,07102300023622,0.0
10639,07112300023623,-0.0
10640,07122304023624,-0.0
10641,07132304023625,-0.0
10642,07142300023626,0.0
10643,07152300023627,-0.0
10644,07162300023628,-0.0
10645,07172300023629,-0.0
10677,07572301023669,0.0
10678,07582301023670,0.0
10679,07592301023671,0.0
10680,07602301023672,0.0
10681,07612301023673,0.0
10650,07232300023635,-0.0
10652,07252300023637,-0.0
10653,07262300023638,0.0
10654,07272304023639,0.0
10655,07282304023640,0.0
10656,07302304023642,0.0
10657,07312304023643,0.0
10658,07332304023645,0.0
10659,07342304023646,0.0
10660,07352304023647,0.0
10661,07372300023649,-0.0
10693,07952303023698,-0.0
10694,07972303023700,0.0
10695,07982303023701,0.0
10696,08092303023712,-0.0
10697,08102303023713,-0.0
10666,07422301023654,-0.0
10667,07432300023655,-0.0
10668,07442300023656,-0.0
10669,07452300023657,-0.0
10670,07462300023658,-0.0
10671,07472300023659,-0.0
10672,07512300023663,-0.0
10673,07522300023664,-0.0
10674,07532300023665,-0.0
10675,07552301023667,-0.0
10676,07562301023668,-0.0
10709,07752300023748,-0.0
10710,08402304023752,-0.0
10711,08412304023753,-0.0
10712,08452303023757,0.0
10713,08532303023765,-0.0
10682,07622301023674,0.0
10683,07632301023675,0.0
10684,07672305023679,0.0
10685,07682300023680,-0.0
10686,07802305023683,0.0
10687,07812303023684,0.0
10688,07822303023685,-0.0
10689,07832303023686,0.0
10690,07842303023687,-0.0
10691,07892303023692,-0.0
10692,07942300023697,-0.0
10725,08762305023788,0.0
10726,08792300023791,-0.0
10727,08802300023792,0.0
10728,08812304023793,0.0
10729,08822304023794,0.0
10698,08112303023714,0.0
10699,08122303023715,0.0
10700,08132303023716,0.0
10701,08142305023717,-0.0
10702,08152305023718,0.0
10703,08172305023720,0.0
10704,08242305023721,0.0
10705,08272305023730,-0.0
10706,08282305023731,0.0
10707,08382301023741,-0.0
10708,07732300023747,0.0
10741,08952300023807,-0.0
10742,08962301023808,0.0
10743,08982301023810,0.0
10744,09002305023812,0.0
10745,09012304023813,0.0
10714,08562303023768,0.0
10715,08572303023769,0.0
10716,08582303023770,0.0
10717,08662303023778,0.0
10718,08692305023781,-0.0
10719,08702305023782,-0.0
10720,08712304023783,-0.0
10721,08722305023784,0.0
10722,08732305023785,0.0
10723,08742304023786,0.0
10724,08752305023787,0.0
10757,09432300023839,0.0
10758,09442300023840,0.0
10759,09452300023841,0.0
10760,09462300023842,0.0
10761,09512300023847,0.0
10730,08832304023795,-0.0
10731,08842304023796,0.0
10732,08862304023798,-0.0
10733,08872304023799,-0.0
10734,08882304023800,0.0
10735,08892304023801,0.0
10736,08902301023802,0.0
10737,08912301023803,0.0
10738,08922301023804,0.0
10739,08932301023805,0.0
10740,08942301023806,0.0
10773,09732300023876,-0.0
10774,09742300023877,-0.0
10775,09812300023878,-0.0
10776,09752300023880,-0.0
10777,09762301023881,0.0
10746,09022300023814,-0.0
10747,09042300023816,0.0
10748,09112300023823,-0.0
10749,09122300023824,0.0
10750,09132300023825,-0.0
10751,09362305023832,0.0
10752,09382300023834,-0.0
10753,09392300023835,-0.0
10754,09402300023836,-0.0
10755,09412300023837,0.0
10756,09422300023838,0.0
10789,09912300023894,-0.0
10790,09922301023895,0.0
10791,09942301023897,0.0
10792,09952300023898,-0.0
10793,09962300023899,0.0
10762,09562300023852,0.0
10763,09632305023859,0.0
10764,09642300023860,0.0
10765,09652305023861,0.0
10766,09662305023862,0.0
10767,09172304023865,-0.0
10768,09232305023871,-0.0
10769,09692300023872,-0.0
10770,09702300023873,0.0
10771,09712300023874,-0.0
10772,09722300023875,-0.0
10805,10122300023915,-0.0
10806,10142301023917,0.0
10807,10152300023918,0.0
10808,10162301023919,-0.0
10809,10172300023920,-0.0
10778,09782301023883,0.0
10779,09792300023884,-0.0
10780,09802301023885,0.0
10781,09832300023886,0.0
10782,09842300023887,-0.0
10783,09852300023888,-0.0
10784,09862300023889,-0.0
10785,09872300023890,-0.0
10786,09882300023891,-0.0
10787,09892300023892,0.0
10788,09902301023893,0.0
10821,10312301023934,0.0
10822,10322300023935,0.0
10823,10352301023938,0.0
10824,10372301023940,0.0
10825,10392301023942,0.0
10794,09972300023900,-0.0
10795,09992300023902,0.0
10796,10002300023903,-0.0
10797,10022300023905,-0.0
10798,10032300023906,0.0
10799,10042300023907,0.0
10800,10052300023908,-0.0
10801,10072300023910,-0.0
10802,10082300023911,0.0
10803,10102300023913,-0.0
10804,10112300023914,-0.0
10837,10772300023989,-0.0
10838,10872305023999,-0.0
10839,10882300024000,-0.0
10840,10892300024001,-0.0
10841,10902300024002,-0.0
10810,10182301023921,0.0
10811,10192300023922,0.0
10812,10202300023923,-0.0
10813,10212300023924,0.0
10814,10222300023925,-0.0
10815,10242300023927,-0.0
10816,10252300023928,-0.0
10817,10262300023929,-0.0
10818,10272301023930,0.0
10819,10292301023932,0.0
10820,10302300023933,0.0
10853,11242300024036,0.0
10854,11302300024041,-0.0
10855,11462300024058,-0.0
10856,11502301024062,-0.0
10857,11512301024063,0.0
10826,09252305023958,-0.0
10827,09282305023959,-0.0
10828,09312305023962,0.0
10829,10602300023969,-0.0
10830,10612300023970,-0.0
10831,10622300023971,-0.0
10832,10632300023972,0.0
10833,10572300023976,-0.0
10834,10582300023977,-0.0
10835,10592300023978,-0.0
10836,10682300023980,0.0
10869,11752300024087,-0.0
10870,11762300024088,-0.0
10871,11772300024089,0.0
10872,11782300024090,0.0
10873,11822301024094,0.0
10842,10912302024003,-0.0
10843,10922302024004,-0.0
10844,10942302024006,0.0
10845,10952300024007,0.0
10846,10972305024009,0.0
10847,10982305024010,0.0
10848,11002302024012,0.0
10849,11022301024014,0.0
10850,11032301024015,-0.0
10851,11042301024016,0.0
10852,11052301024017,-0.0
10885,12072300024119,0.0
10886,12082301024120,-0.0
10887,12092300024121,0.0
10888,12102300024122,0.0
10889,12112300024123,0.0
10858,11522300024064,-0.0
10859,11532300024065,0.0
10860,11542300024066,-0.0
10861,11552300024067,-0.0
10862,11562300024068,-0.0
10863,11572300024069,-0.0
10864,11592300024071,-0.0
10865,11602304024072,-0.0
10866,11612304024073,0.0
10867,11732300024085,0.0
10868,11742300024086,0.0
10901,12342304024146,-0.0
10902,12352302024147,-0.0
10903,12432300024155,-0.0
10904,12452300024157,-0.0
10905,12472300024159,-0.0
10874,11832300024095,-0.0
10875,11842300024096,-0.0
10876,11902300024102,-0.0
10877,11922301024104,-0.0
10878,11932301024105,-0.0
10879,11942300024106,-0.0
10880,11962300024108,-0.0
10881,11992300024111,0.0
10882,12012301024113,-0.0
10883,12022300024114,0.0
10884,12042300024116,0.0
10917,13042304024216,0.0
10918,13272300024239,0.0
10919,13282300024240,0.0
10920,13292300024241,0.0
10921,13312300024242,0.0
10890,12122302024124,0.0
10891,12152302024127,0.0
10892,12222305024134,0.0
10893,12232305024135,-0.0
10894,12262300024138,-0.0
10895,12272300024139,-0.0
10896,12282300024140,-0.0
10897,12292305024141,-0.0
10898,12302305024142,-0.0
10899,12312300024143,-0.0
10900,12332305024145,0.0
10933,13442300024256,-0.0
10934,13622300024274,0.0
10935,13632300024275,-0.0
10936,13642300024276,0.0
10937,13652300024277,-0.0
10906,12492300024161,-0.0
10907,12502300024162,0.0
10908,12582300024170,-0.0
10909,12602300024172,0.0
10910,12692300024181,-0.0
10911,12702300024182,-0.0
10912,12712300024183,-0.0
10913,12752300024187,0.0
10914,12762300024188,0.0
10915,12922305024204,0.0
10916,12932304024205,0.0
10949,13922300024304,0.0
10950,13982301024310,0.0
10951,13992300024311,0.0
10952,14022305024314,0.0
10953,14052300024317,-0.0
10922,13302300024243,0.0
10923,13322304024244,0.0
10924,13332300024245,0.0
10925,13342304024246,0.0
10926,13352304024247,0.0
10927,13362300024248,0.0
10928,13372300024249,0.0
10929,13392305024251,0.0
10930,13402305024252,0.0
10931,13412305024253,0.0
10932,13432300024255,0.0
10965,14172300024329,0.0
10966,14202303024332,-0.0
10967,14312300024343,0.0
10968,14322301024344,-0.0
10969,00022400024345,0.0
10938,13662300024278,-0.0
10939,13672300024279,-0.0
10940,13682300024280,-0.0
10941,13692300024281,-0.0
10942,13702300024282,0.0
10943,13712300024283,-0.0
10944,13822300024294,0.0
10945,13842300024296,-0.0
10946,13862300024298,0.0
10947,13882300024300,0.0
10948,13902300024302,-0.0
10981,00362400024379,0.0
10982,00372405024380,0.0
10983,00392404024382,-0.0
10984,00412400024384,0.0
10985,00422404024385,0.0
10954,14062300024318,-0.0
10955,14072300024319,0.0
10956,14082300024320,-0.0
10957,14092300024321,0.0
10958,14102300024322,-0.0
10959,14112300024323,-0.0
10960,14122300024324,-0.0
10961,14132300024325,0.0
10962,14142300024326,-0.0
10963,14152300024327,0.0
10964,14162300024328,0.0
10997,00602400024403,0.0
10998,00612404024404,0.0
10999,00642400024407,-0.0
11000,00652400024408,0.0
11001,00662405024409,0.0
10970,00032400024346,0.0
10971,00042400024347,0.0
10972,00052400024348,-0.0
10973,00062400024349,0.0
10974,00072400024350,-0.0
10975,00252405024368,0.0
10976,00272405024370,0.0
10977,00322400024375,0.0
10978,00332404024376,0.0
10979,00342400024377,0.0
10980,00352405024378,0.0
11013,00812404024424,-0.0
11014,00822400024425,-0.0
11015,00832404024426,-0.0
11016,00842404024427,-0.0
11017,00862405024430,0.0
10986,00432400024386,0.0
10987,00442400024387,0.0
10988,00452404024388,0.0
10989,00482400024391,0.0
10990,00492405024392,-0.0
10991,00502401024393,0.0
10992,00542401024397,-0.0
10993,00552401024398,-0.0
10994,00562400024399,0.0
10995,00572400024400,0.0
10996,00582400024401,0.0
11029,01492404024473,0.0
11030,01502404024474,0.0
11031,01512404024475,0.0
11032,01522404024476,0.0
11033,01532404024477,0.0
11002,00672404024410,0.0
11003,00682405024411,0.0
11004,00692405024412,0.0
11005,00702405024413,0.0
11006,00722400024415,0.0
11007,00732400024416,-0.0
11008,00742400024417,-0.0
11009,00752400024418,-0.0
11010,00762404024419,-0.0
11011,00792400024422,0.0
11012,00802400024423,0.0
11045,02132400024537,0.0
11046,02192405024543,0.0
11047,02202405024544,0.0
11048,02212400024545,-0.0
11049,02222400024546,-0.0
11018,01012400024445,-0.0
11019,01032403024447,-0.0
11020,01122401024456,0.0
11021,01192400024463,0.0
11022,01202405024464,0.0
11023,01212400024465,-0.0
11024,01442404024468,-0.0
11025,01452400024469,0.0
11026,01462404024470,0.0
11027,01472404024471,0.0
11028,01482404024472,0.0
11061,02502400024574,-0.0
11062,02772404024621,-0.0
11063,02792405024623,-0.0
11064,02842400024628,-0.0
11065,02852400024629,0.0
11034,01542404024478,0.0
11035,01552404024479,0.0
11036,01562400024480,-0.0
11037,01572400024481,-0.0
11038,01602400024484,-0.0
11039,01612404024485,0.0
11040,01672404024491,-0.0
11041,01682404024492,-0.0
11042,01832401024507,-0.0
11043,02102400024534,-0.0
11044,02112400024535,-0.0
11077,03092400024653,0.0
11078,03102400024654,-0.0
11079,03112400024655,-0.0
11080,03122400024656,0.0
11081,03132400024657,-0.0
11050,02332400024557,-0.0
11051,02342400024558,-0.0
11052,02372405024561,0.0
11053,02422400024566,-0.0
11054,02432400024567,-0.0
11055,02442400024568,-0.0
11056,02452400024569,0.0
11057,02462400024570,0.0
11058,02472400024571,0.0
11059,02482400024572,0.0
11060,02492400024573,0.0
11093,03622400024706,-0.0
11094,03632400024707,-0.0
11095,03652400024709,-0.0
11096,03672400024711,-0.0
11097,03692400024713,-0.0
11066,02862400024630,-0.0
11067,02902401024633,0.0
11068,02922405024635,-0.0
11069,02932405024636,-0.0
11070,02892405024637,-0.0
11071,02952400024639,-0.0
11072,03042400024648,0.0
11073,03052400024649,0.0
11074,03072400024650,0.0
11075,03062400024651,-0.0
11076,03082400024652,0.0
11109,04002405024744,-0.0
11110,04012404024745,0.0
11111,04022400024746,0.0
11112,04032400024747,0.0
11113,04042400024748,0.0
11082,03512400024695,-0.0
11083,03522400024696,-0.0
11084,03532400024697,-0.0
11085,03542400024698,0.0
11086,03552400024699,-0.0
11087,03562400024700,0.0
11088,03572400024701,-0.0
11089,03582400024702,-0.0
11090,03592400024703,-0.0
11091,03602400024704,-0.0
11092,03612400024705,0.0
11125,04482400024792,0.0
11126,04522405024796,0.0
11127,04532404024797,0.0
11128,04542405024798,0.0
11129,04552405024799,0.0
11098,03712400024715,-0.0
11099,03732400024717,-0.0
11100,03762400024720,0.0
11101,03842405024728,0.0
11102,03852404024729,0.0
11103,03862405024730,0.0
11104,03882405024733,0.0
11105,03922405024736,0.0
11106,03962400024740,-0.0
11107,03972405024741,0.0
11108,03992405024743,0.0
11141,04702405024819,0.0
11142,04712404024820,0.0
11143,04722405024821,0.0
11144,04732405024822,0.0
11145,04812405024825,0.0
11114,04112401024754,0.0
11115,04122400024755,0.0
11116,04132404024756,0.0
11117,04052404024757,0.0
11118,04352401024779,-0.0
11119,04362401024780,-0.0
11120,04392404024783,0.0
11121,04412405024785,-0.0
11122,04432405024787,0.0
11123,04462400024790,-0.0
11124,04472404024791,-0.0
11157,05542404024898,0.0
11158,05552405024899,0.0
11159,05572404024902,0.0
11160,05612404024905,0.0
11161,05622401024906,-0.0
11130,04562400024800,-0.0
11131,04572405024801,0.0
11132,04582404024802,0.0
11133,04592400024803,-0.0
11134,04602405024804,0.0
11135,04622405024806,0.0
11136,04632405024807,0.0
11137,04642405024813,0.0
11138,04652404024814,0.0
11139,04672405024816,0.0
11140,04692404024818,0.0
11173,05842400024929,0.0
11174,05912403024935,0.0
11175,05972400024941,0.0
11176,06062400024950,0.0
11177,06072400024951,-0.0
11146,04822405024826,0.0
11147,04842400024828,0.0
11148,04852400024829,0.0
11149,04862400024830,0.0
11150,04882400024832,-0.0
11151,04962404024840,-0.0
11152,05252405024869,-0.0
11153,05422405024886,0.0
11154,05492405024893,0.0
11155,05512400024895,-0.0
11156,05532405024897,-0.0
11189,06412400024985,-0.0
11190,06422404024986,-0.0
11191,06442404024988,-0.0
11192,06462404024990,-0.0
11193,06522400024996,-0.0
11162,05632401024907,-0.0
11163,05642401024908,-0.0
11164,05652400024909,-0.0
11165,05662400024910,-0.0
11166,05742400024918,0.0
11167,05792400024923,0.0
11168,05802400024924,-0.0
11169,05812405024925,0.0
11170,05822404024926,0.0
11171,05852400024927,-0.0
11172,05832400024928,0.0
11205,06992404025043,0.0
11206,07002404025044,0.0
11207,07012400025045,0.0
11208,07032400025047,-0.0
11209,07042400025048,0.0
11178,06102400024954,0.0
11179,06122400024956,0.0
11180,06172400024961,-0.0
11181,06192400024963,-0.0
11182,06212400024965,-0.0
11183,06232400024967,-0.0
11184,06252400024969,-0.0
11185,06262400024970,-0.0
11186,06282400024972,-0.0
11187,06292400024973,-0.0
11188,06312400024975,-0.0
11221,07182400025062,0.0
11222,07192400025063,0.0
11223,07212400025065,0.0
11224,07222400025066,-0.0
11225,07232400025067,0.0
11194,06532404024997,-0.0
11195,06542401024998,-0.0
11196,06552401024999,-0.0
11197,06562401025000,-0.0
11198,06572400025001,-0.0
11199,06582400025002,-0.0
11200,06682404025012,0.0
11201,06772400025021,-0.0
11202,06952400025039,-0.0
11203,06972400025041,0.0
11204,06982400025042,0.0
11237,07402400025084,0.0
11238,07412401025085,0.0
11239,07422401025086,0.0
11240,07432400025087,0.0
11241,07442400025088,0.0
11210,07052400025049,-0.0
11211,07062400025050,0.0
11212,07072400025051,-0.0
11213,07082400025052,-0.0
11214,07102400025054,-0.0
11215,07112400025055,0.0
11216,07122404025056,0.0
11217,07132404025057,0.0
11218,07152400025059,-0.0
11219,07162400025060,0.0
11220,07172400025061,-0.0
11253,07602401025104,0.0
11254,07612401025105,-0.0
11255,07622401025106,-0.0
11256,07632401025107,-0.0
11257,07802405025115,0.0
11226,07242400025068,-0.0
11227,07262400025070,0.0
11228,07272404025071,0.0
11229,07282404025072,0.0
11230,07292404025073,-0.0
11231,07302404025074,0.0
11232,07312404025075,0.0
11233,07322404025076,0.0
11234,07332404025077,0.0
11235,07342404025078,0.0
11236,07352404025079,0.0
11269,08022403025137,0.0
11270,08032403025138,-0.0
11271,08092403025144,-0.0
11272,08102403025145,-0.0
11273,08112403025146,-0.0
11242,07452400025089,-0.0
11243,07462400025090,-0.0
11244,07472400025091,-0.0
11245,07512400025095,-0.0
11246,07522400025096,-0.0
11247,07532400025097,-0.0
11248,07552401025099,0.0
11249,07562401025100,0.0
11250,07572401025101,-0.0
11251,07582401025102,-0.0
11252,07592401025103,-0.0
11285,08532403025197,-0.0
11286,08562403025200,-0.0
11287,08582403025202,-0.0
11288,08662403025210,0.0
11289,08692405025213,0.0
11258,07812403025116,0.0
11259,07842403025119,0.0
11260,07862403025121,0.0
11261,07882403025123,-0.0
11262,07892403025124,0.0
52,01600100000140,-0.0
11264,07952403025130,0.0
11265,07962403025131,-0.0
11266,07972403025132,-0.0
11267,07982403025133,0.0
11268,08002403025135,-0.0
11300,08832404025227,0.0
11301,08842404025228,0.0
11302,08852404025229,-0.0
11303,08872404025231,0.0
11304,08882404025232,0.0
11305,08892404025233,-0.0
11274,08122403025147,-0.0
11275,08132403025148,-0.0
11276,08152405025150,-0.0
11277,08172405025152,-0.0
11279,08252405025158,0.0
11280,08282405025163,-0.0
11281,07762400025181,-0.0
11282,07772404025182,-0.0
11283,08402404025184,-0.0
11284,08412404025185,-0.0
11316,09112400025255,0.0
11317,09122400025256,-0.0
11318,09132400025257,-0.0
11319,09382400025266,0.0
11320,09392400025267,0.0
11321,09402400025268,0.0
11290,08702405025214,-0.0
11291,08712404025215,-0.0
11292,08722405025216,-0.0
11293,08732405025217,-0.0
11294,08742404025218,-0.0
11295,08752405025219,-0.0
11296,08792400025223,-0.0
11297,08802400025224,0.0
11298,08812404025225,0.0
11299,08822404025226,0.0
11332,09522400025280,0.0
11333,09562400025284,-0.0
11334,09642400025292,-0.0
11335,09652405025293,-0.0
11336,09172404025297,-0.0
11337,09692400025304,0.0
11306,08902401025234,0.0
11307,08912401025235,0.0
11308,08922401025236,0.0
11309,08932401025237,0.0
11310,08942401025238,0.0
11311,08952400025239,0.0
11312,08962401025240,0.0
11313,08982401025242,0.0
11314,09012404025245,-0.0
11315,09022400025246,-0.0
11348,09792400025316,0.0
11349,09802401025317,0.0
11350,09832400025318,0.0
11351,09842400025319,0.0
11352,09852400025320,0.0
11353,09862400025321,0.0
11322,09412400025269,-0.0
11323,09422400025270,-0.0
11324,09432400025271,-0.0
11325,09442400025272,-0.0
11326,09452400025273,-0.0
11327,09472400025275,-0.0
11328,09482400025276,-0.0
11329,09492400025277,-0.0
11330,09502400025278,-0.0
11331,09512400025279,-0.0
11364,09972400025332,-0.0
11365,09982400025333,-0.0
11366,09992400025334,-0.0
11367,10002400025335,-0.0
11368,10012400025336,-0.0
11369,10022400025337,-0.0
11338,09702400025305,-0.0
11339,09712400025306,0.0
11340,09732400025308,0.0
11341,09742400025309,0.0
11342,09812400025310,0.0
11343,09822400025311,0.0
11344,09752400025312,0.0
11345,09762401025313,0.0
11346,09772400025314,0.0
11347,09782401025315,0.0
11380,10132400025348,-0.0
11381,10142401025349,-0.0
11382,10152400025350,-0.0
11383,10162401025351,-0.0
11384,10172400025352,-0.0
11385,10182401025353,-0.0
11354,09872400025322,0.0
11355,09882400025323,0.0
11356,09892400025324,-0.0
11357,09902401025325,-0.0
11358,09912400025326,-0.0
11359,09922401025327,-0.0
11360,09932400025328,-0.0
11361,09942401025329,-0.0
11362,09952400025330,0.0
11363,09962400025331,0.0
11396,10292401025364,-0.0
11397,10302400025365,-0.0
11398,10312401025366,-0.0
11399,10322400025367,-0.0
11400,10352401025370,-0.0
11401,10362400025371,-0.0
11370,10032400025338,-0.0
11371,10042400025339,-0.0
11372,10052400025340,-0.0
11373,10062400025341,-0.0
11374,10072400025342,-0.0
11375,10082400025343,-0.0
11376,10092400025344,-0.0
11377,10102400025345,-0.0
11378,10112400025346,-0.0
11379,10122400025347,-0.0
11412,10622400025403,0.0
11413,10632400025404,0.0
11414,10582400025409,0.0
11415,10592400025410,-0.0
11416,10682400025412,0.0
11417,10772400025421,0.0
11386,10192400025354,0.0
11387,10202400025355,0.0
11388,10212400025356,-0.0
11389,10222400025357,-0.0
11390,10232400025358,-0.0
11391,10242400025359,-0.0
11392,10252400025360,-0.0
11393,10262400025361,-0.0
11394,10272401025362,-0.0
11395,10282400025363,0.0
11428,11462400025490,0.0
11429,11492400025493,-0.0
11430,11512401025495,0.0
11431,11522400025496,-0.0
11432,11532400025497,-0.0
11433,11542400025498,-0.0
11402,10372401025372,-0.0
11403,10382400025373,0.0
11404,10392401025374,-0.0
11405,09252405025390,0.0
11406,09282405025391,-0.0
11407,09292405025392,0.0
11408,09312405025394,-0.0
11409,09322405025395,-0.0
11410,10602400025401,0.0
11411,10612400025402,0.0
11444,11762400025520,0.0
11445,11772400025521,0.0
11446,11782400025522,0.0
11447,11822401025526,-0.0
11448,11832400025527,0.0
11449,11842400025528,0.0
11418,10802400025424,0.0
11419,10872405025431,0.0
11420,10972405025441,-0.0
11421,10982405025442,0.0
11422,11022401025446,0.0
11423,11032401025447,0.0
11424,11042401025448,0.0
11425,11052401025449,0.0
11426,11302400025473,0.0
11427,11292400025474,0.0
11460,12472400025591,0.0
11461,12482400025592,0.0
11462,12492400025593,0.0
11463,12582400025602,-0.0
11464,12602400025604,-0.0
11465,12692400025613,0.0
11434,11552400025499,-0.0
11435,11562400025500,-0.0
11436,11572400025501,-0.0
11437,11592400025503,-0.0
11438,11602404025504,0.0
11439,11612404025505,0.0
11440,11672405025511,-0.0
11441,11732400025517,0.0
11442,11742400025518,-0.0
11443,11752400025519,0.0
11476,13342404025678,0.0
11477,13352404025679,0.0
11478,13362400025680,0.0
11479,13372400025681,0.0
11480,13442400025688,-0.0
11481,13632400025707,0.0
11450,12112400025555,-0.0
11451,12222405025566,-0.0
11452,12232405025567,-0.0
11453,12262400025570,0.0
11454,12272400025571,0.0
11455,12282400025572,0.0
11456,12292405025573,-0.0
11457,12302405025574,-0.0
11458,12432400025587,0.0
11459,12452400025589,0.0
11492,13882400025732,0.0
11493,13902400025734,0.0
11494,13922400025736,0.0
11495,13982401025742,-0.0
11496,13992400025743,-0.0
11497,14002400025744,0.0
11466,12702400025614,0.0
11467,12712400025615,0.0
11468,12752400025619,-0.0
11469,12762400025620,-0.0
11470,13042404025648,0.0
11471,13272400025671,-0.0
11472,13282400025672,-0.0
11473,13292400025673,-0.0
11474,13322404025676,-0.0
11475,13332400025677,0.0
11508,14142400025758,0.0
11509,14152400025759,-0.0
11510,14162400025760,-0.0
11511,14172400025761,-0.0
11512,14202403025764,-0.0
11513,14312400025775,-0.0
11482,13652400025709,0.0
11483,13662400025710,0.0
11484,13672400025711,0.0
11485,13682400025712,0.0
11486,13692400025713,0.0
11487,13702400025714,-0.0
11488,13712400025715,-0.0
11489,13822400025726,0.0
11490,13842400025728,0.0
11491,13862400025730,0.0
11524,00272505025802,-0.0
11525,00282500025803,-0.0
11526,00292505025804,-0.0
11527,00302500025805,-0.0
11528,00312505025806,-0.0
11529,00322500025807,0.0
11498,14022405025746,-0.0
11499,14052400025749,0.0
11500,14062400025750,-0.0
11501,14072400025751,-0.0
11502,14082400025752,-0.0
11503,14092400025753,0.0
11504,14102400025754,-0.0
11505,14112400025755,0.0
11506,14122400025756,0.0
11507,14132400025757,0.0
11540,00452504025820,-0.0
11541,00462500025821,-0.0
11542,00472505025822,-0.0
11543,00482500025823,0.0
11544,00492505025824,-0.0
11545,00502501025825,0.0
11514,14322401025776,0.0
11515,00022500025777,-0.0
11516,00032500025778,-0.0
11517,00042500025779,-0.0
11518,00052500025780,-0.0
11519,00062500025781,-0.0
11520,00072500025782,-0.0
51,01570100000137,0.0
11522,00252505025800,-0.0
11523,00262500025801,0.0
11556,00682505025843,0.0
11557,00692505025844,-0.0
11558,00702505025845,-0.0
11559,00722500025847,-0.0
11560,00732500025848,0.0
11561,00742500025849,0.0
11530,00332504025808,-0.0
11531,00342500025809,-0.0
11532,00352505025810,-0.0
11533,00362500025811,-0.0
11534,00372505025812,-0.0
11535,00382500025813,-0.0
11536,00392504025814,-0.0
11537,00402500025815,-0.0
11538,00432500025818,-0.0
11539,00442500025819,-0.0
11572,01012500025877,0.0
11573,01122501025888,0.0
11574,01192500025895,-0.0
11575,01202505025896,-0.0
11576,01222505025898,-0.0
11577,01442504025900,-0.0
11546,00542501025829,0.0
11547,00552501025830,0.0
11548,00562500025831,0.0
11549,00572500025832,-0.0
11550,00582500025833,0.0
11551,00602500025835,0.0
11552,00612504025836,0.0
11553,00642500025839,0.0
11554,00662505025841,-0.0
11555,00672504025842,-0.0
11588,01572500025913,0.0
11589,01602500025916,0.0
11590,01612504025917,0.0
11591,01672504025923,-0.0
11592,01682504025924,-0.0
11593,01692505025925,-0.0
11562,00752500025850,0.0
11563,00762504025851,0.0
11564,00792500025854,-0.0
11565,00802500025855,-0.0
11566,00812504025856,-0.0
11567,00822500025857,0.0
11568,00832504025858,0.0
11569,00842504025859,0.0
11570,00852500025861,-0.0
11571,00862505025862,-0.0
11604,02432500025999,0.0
11605,02442500026000,0.0
11606,02462500026002,-0.0
11607,02482500026004,-0.0
11608,02492500026005,0.0
11609,02502500026006,0.0
11578,01452500025901,-0.0
11579,01462504025902,-0.0
11580,01472504025903,-0.0
11581,01482504025904,-0.0
11582,01492504025905,0.0
11583,01502504025906,-0.0
11584,01512504025907,-0.0
11585,01522504025908,-0.0
11586,01532504025909,-0.0
11587,01542504025910,-0.0
11620,01362500026045,-0.0
11621,01372500026046,0.0
11622,01382500026047,0.0
11623,01392500026048,0.0
11624,01412500026050,-0.0
11625,01432500026052,-0.0
11594,01702504025926,-0.0
11595,01832501025939,-0.0
11596,02152500025971,-0.0
11597,02172500025973,-0.0
11598,02192505025975,-0.0
11599,02202505025976,-0.0
11600,02222500025978,0.0
11601,02342500025990,-0.0
11602,02372505025993,-0.0
11603,02422500025998,0.0
11636,02892505026069,-0.0
11637,03022505026078,-0.0
11638,03042500026080,-0.0
11639,03052500026081,-0.0
11640,03072500026082,-0.0
11641,03062500026083,-0.0
11610,01242500026033,-0.0
11611,01252500026034,-0.0
11612,01262500026035,-0.0
11613,01272500026036,0.0
11614,01282500026037,0.0
11615,01302500026039,-0.0
11616,01312500026040,0.0
11617,01332500026042,0.0
11618,01342500026043,-0.0
11619,01352500026044,-0.0
11652,03562500026132,0.0
11653,03572500026133,-0.0
11654,03582500026134,-0.0
11655,03592500026135,-0.0
11656,03602500026136,-0.0
11657,03612500026137,-0.0
11626,02772504026053,-0.0
11627,02842500026060,-0.0
11628,02852500026061,-0.0
11629,02862500026062,-0.0
11630,02872500026063,0.0
11631,02882505026064,-0.0
11632,02902501026065,0.0
11633,02912500026066,0.0
11634,02922505026067,-0.0
11635,02932505026068,-0.0
11668,03862505026162,0.0
11669,03872500026163,0.0
11670,03892500026164,0.0
11671,03882505026165,-0.0
11672,03902505026166,-0.0
11673,03912504026167,-0.0
11642,03092500026085,-0.0
11643,03102500026086,-0.0
11644,03112500026087,-0.0
11645,03122500026088,-0.0
11646,03132500026089,-0.0
11647,03512500026127,-0.0
11648,03522500026128,-0.0
11649,03532500026129,-0.0
11650,03542500026130,0.0
11651,03552500026131,0.0
11684,04032500026179,-0.0
11685,04042500026180,-0.0
11686,04112501026186,0.0
11687,04132504026188,-0.0
11688,04142500026190,-0.0
11689,04162505026192,-0.0
11658,03622500026138,-0.0
11659,03632500026139,-0.0
11660,03652500026141,0.0
11661,03672500026143,0.0
11662,03692500026145,-0.0
11663,03712500026147,0.0
11664,03732500026149,0.0
11665,03762500026152,0.0
11666,03842505026160,-0.0
11667,03852504026161,-0.0
11700,04522505026228,-0.0
11701,04532504026229,-0.0
11702,04542505026230,-0.0
11703,04552505026231,-0.0
11704,04572505026233,-0.0
11705,04582504026234,-0.0
11674,03922505026168,-0.0
11675,03932500026169,0.0
11676,03942505026170,0.0
11677,03952504026171,0.0
11678,03962500026172,0.0
11679,03972505026173,-0.0
11680,03992505026175,-0.0
11681,04002505026176,0.0
11682,04012504026177,-0.0
11683,04022500026178,0.0
11716,04692504026250,-0.0
11717,04702505026251,-0.0
11718,04712504026252,-0.0
11719,04722505026253,-0.0
11720,04732505026254,-0.0
11721,04812505026257,-0.0
11690,04172504026193,-0.0
11691,04352501026211,-0.0
11692,04362501026212,-0.0
11693,04392504026215,-0.0
11694,04412505026217,-0.0
11695,04422500026218,0.0
11696,04432505026219,0.0
11697,04462500026222,-0.0
11698,04472504026223,-0.0
11699,04482500026224,0.0
11732,04972500026273,-0.0
11733,04992505026275,-0.0
11734,05002505026276,-0.0
11735,05012500026277,0.0
11736,05022505026278,-0.0
11737,05032504026279,-0.0
11706,04602505026236,-0.0
11707,04622505026238,-0.0
11708,04632505026239,-0.0
11709,04742500026240,0.0
11710,04752500026241,0.0
11711,04762505026242,-0.0
11712,04772504026243,-0.0
11713,04642505026245,-0.0
11714,04652504026246,-0.0
11715,04672505026248,-0.0
11748,05182500026294,-0.0
11749,05192505026295,-0.0
11750,05202504026296,-0.0
11751,05212505026297,-0.0
11752,05222504026298,-0.0
11753,05252505026301,-0.0
11722,04822505026258,-0.0
11723,04832500026259,0.0
11724,04842500026260,-0.0
11725,04852500026261,0.0
11726,04862500026262,0.0
11727,04872500026263,0.0
11728,04892500026265,-0.0
11729,04942500026270,0.0
11730,04952505026271,-0.0
11731,04962504026272,-0.0
11764,05472500026323,-0.0
11765,05482505026324,-0.0
11766,05492505026325,-0.0
11767,05502500026326,-0.0
11768,05512500026327,-0.0
11769,05522500026328,-0.0
11738,05042500026280,-0.0
11739,05062505026282,-0.0
11740,05072504026283,-0.0
11741,05082500026284,-0.0
11742,05092505026285,-0.0
11743,05132500026289,-0.0
11744,05142505026290,-0.0
11745,05152504026291,-0.0
11746,05162505026292,-0.0
11747,05172500026293,-0.0
11780,05642501026340,0.0
11781,05652500026341,0.0
11782,05662500026342,0.0
11783,05742500026350,-0.0
11784,05792500026355,0.0
11785,05812505026357,-0.0
11754,05312500026302,-0.0
11755,05262500026303,-0.0
11756,05272505026304,-0.0
11757,05282504026305,-0.0
11758,05292500026306,-0.0
11759,05302505026307,-0.0
11760,05322505026308,-0.0
11761,05422505026318,-0.0
11762,05452500026321,-0.0
11763,05462505026322,-0.0
11796,06072500026383,0.0
11797,06092500026385,0.0
11798,06102500026386,0.0
11799,06122500026388,-0.0
11800,06172500026393,-0.0
11801,06192500026395,0.0
11770,05532505026329,-0.0
11771,05542504026330,-0.0
11772,05552505026331,-0.0
11773,05562500026332,-0.0
11774,05572504026334,-0.0
11775,05592505026335,-0.0
11776,05602504026336,-0.0
11777,05612504026337,-0.0
11778,05622501026338,0.0
11779,05632501026339,0.0
11812,06462504026422,0.0
11813,06532504026429,0.0
11814,06542501026430,-0.0
11815,06552501026431,-0.0
11816,06562501026432,-0.0
11817,06572500026433,0.0
11786,05822504026358,-0.0
11787,05872500026363,-0.0
11788,05892500026365,-0.0
11789,05912503026367,0.0
11790,05952500026371,0.0
11791,05962505026372,-0.0
11792,06032500026379,0.0
11793,06042500026380,-0.0
11794,06052500026381,-0.0
11795,06062500026382,-0.0
11828,07002504026476,-0.0
11829,07022500026478,0.0
11830,07032500026479,0.0
11831,07042500026480,0.0
11832,07052500026481,0.0
11833,07072500026483,-0.0
11802,06212500026397,0.0
11803,06232500026399,-0.0
11804,06252500026401,-0.0
11805,06262500026402,0.0
11806,06282500026404,0.0
11807,06292500026405,0.0
11808,06312500026407,0.0
11809,06412500026417,-0.0
11810,06422504026418,-0.0
11811,06442504026420,-0.0
11844,07242500026500,-0.0
11845,07262500026502,-0.0
11846,07272504026503,-0.0
11847,07282504026504,-0.0
11848,07292504026505,-0.0
11849,07302504026506,-0.0
11818,06582500026434,-0.0
11819,06682504026444,-0.0
11820,06772500026453,0.0
11821,06812502026457,0.0
11822,06882500026464,0.0
11823,06902505026466,-0.0
11824,06912504026467,-0.0
11825,06952500026471,0.0
11826,06972500026473,-0.0
11827,06992504026475,-0.0
11860,07432500026519,-0.0
11861,07442500026520,-0.0
11862,07452500026521,-0.0
11863,07462500026522,-0.0
11864,07472500026523,-0.0
11865,07512500026527,0.0
11834,07082500026484,-0.0
11835,07092500026485,0.0
11836,07102500026486,0.0
11837,07112500026487,-0.0
11838,07122504026488,-0.0
11839,07132504026489,-0.0
11840,07162500026492,0.0
11841,07182500026494,-0.0
11842,07212500026497,-0.0
11843,07222500026498,-0.0
11876,07632501026539,0.0
11877,07662500026542,-0.0
11878,07672505026543,-0.0
11879,07782500026545,-0.0
11880,07792505026546,-0.0
11881,07802505026547,0.0
11850,07312504026507,-0.0
11851,07332504026509,-0.0
11852,07342504026510,-0.0
11853,07352504026511,-0.0
11854,07362500026512,-0.0
11855,07372500026513,0.0
11856,07382503026514,-0.0
11857,07392503026515,-0.0
11858,07412501026517,-0.0
11859,07422501026518,-0.0
11891,07982503026565,-0.0
11892,08002503026567,-0.0
11894,08032503026570,-0.0
11895,08102503026577,-0.0
11896,08112503026578,-0.0
11897,08122503026579,-0.0
11866,07522500026528,0.0
11867,07532500026529,0.0
11868,07552501026531,0.0
11869,07562501026532,0.0
11870,07572501026533,0.0
11871,07582501026534,0.0
11872,07592501026535,0.0
11873,07602501026536,0.0
11874,07612501026537,0.0
11875,07622501026538,0.0
11906,08222505026592,0.0
11907,08282505026595,-0.0
11908,08302505026597,-0.0
11909,08382501026605,0.0
11910,07732500026611,0.0
11911,07752500026612,0.0
11912,07762500026613,0.0
11913,07772504026614,-0.0
11882,07812503026548,-0.0
11884,07862503026553,0.0
11885,07882503026555,0.0
11886,07892503026556,-0.0
11887,07902503026557,0.0
11888,07912503026558,-0.0
11889,07952503026562,-0.0
11890,07962503026563,-0.0
11922,08712504026647,-0.0
11923,08722505026648,-0.0
11924,08732505026649,-0.0
11925,08742504026650,-0.0
11926,08752505026651,0.0
11927,08762505026652,0.0
11928,08792500026655,-0.0
11929,08802500026656,-0.0
11898,08132503026580,-0.0
11899,08142505026581,-0.0
11900,08152505026582,-0.0
11901,08162505026583,0.0
11902,08242505026585,-0.0
11903,08192505026587,-0.0
11904,08212505026589,-0.0
11905,08252505026590,-0.0
11938,08892504026665,-0.0
11939,08902501026666,-0.0
11940,08912501026667,-0.0
11941,08922501026668,-0.0
11942,08932501026669,0.0
11943,08942501026670,0.0
11944,08952500026671,0.0
11945,08962501026672,0.0
11914,08402504026616,-0.0
11915,08412504026617,-0.0
11916,08452503026621,0.0
11917,08572503026633,0.0
11918,08582503026634,0.0
11919,08662503026642,0.0
11920,08692505026645,-0.0
11921,08702505026646,-0.0
11954,09402500026700,0.0
11955,09412500026701,-0.0
11956,09422500026702,-0.0
11957,09432500026703,0.0
11958,09442500026704,-0.0
11959,09452500026705,-0.0
11960,09462500026706,-0.0
11961,09472500026707,0.0
11930,08812504026657,-0.0
11931,08822504026658,-0.0
11932,08832504026659,-0.0
11933,08842504026660,-0.0
11934,08852504026661,-0.0
11935,08862504026662,0.0
11936,08872504026663,-0.0
11937,08882504026664,-0.0
11970,09652505026725,-0.0
11971,09662505026726,-0.0
11972,09172504026729,-0.0
11973,09692500026736,-0.0
11974,09702500026737,-0.0
11975,09712500026738,0.0
11976,09722500026739,0.0
11977,09732500026740,0.0
11946,08982501026674,0.0
11947,09012504026677,-0.0
11948,09092505026685,0.0
11949,09112500026687,0.0
11950,09122500026688,-0.0
11951,09132500026689,-0.0
11952,09382500026698,0.0
11953,09392500026699,0.0
11986,09802501026749,-0.0
11987,09832500026750,0.0
11988,09842500026751,0.0
11989,09852500026752,0.0
11990,09862500026753,-0.0
11991,09872500026754,-0.0
11992,09882500026755,-0.0
11993,09892500026756,-0.0
11962,09482500026708,0.0
11963,09492500026709,0.0
11964,09502500026710,-0.0
11965,09512500026711,-0.0
11966,09522500026712,-0.0
11967,09562500026716,-0.0
11968,09632505026723,-0.0
11969,09642500026724,-0.0
12002,09992500026766,-0.0
12003,10012500026768,-0.0
12004,10022500026769,0.0
12005,10032500026770,-0.0
12006,10042500026771,-0.0
12007,10052500026772,-0.0
12008,10062500026773,-0.0
12009,10072500026774,-0.0
11978,09742500026741,0.0
11979,09812500026742,0.0
11980,09822500026743,0.0
11981,09752500026744,0.0
11982,09762501026745,-0.0
11983,09772500026746,0.0
11984,09782501026747,-0.0
11985,09792500026748,0.0
12018,10162501026783,-0.0
12019,10172500026784,-0.0
12020,10182501026785,-0.0
12021,10192500026786,-0.0
12022,10202500026787,-0.0
12023,10212500026788,-0.0
12024,10222500026789,-0.0
12025,10232500026790,-0.0
11994,09902501026757,-0.0
11995,09912500026758,-0.0
11996,09922501026759,-0.0
11997,09932500026760,-0.0
11998,09942501026761,-0.0
11999,09952500026762,-0.0
12000,09962500026763,-0.0
12001,09972500026764,-0.0
12034,10322500026799,-0.0
12035,10352501026802,-0.0
12036,10362500026803,-0.0
12037,10372501026804,-0.0
12038,10382500026805,0.0
12039,10392501026806,-0.0
12040,09252505026822,-0.0
12041,09282505026823,-0.0
12010,10082500026775,-0.0
12011,10092500026776,-0.0
12012,10102500026777,-0.0
12013,10112500026778,-0.0
12014,10122500026779,-0.0
12015,10132500026780,-0.0
12016,10142501026781,-0.0
12017,10152500026782,-0.0
12050,10632500026836,0.0
12051,10682500026844,-0.0
12052,10772500026853,0.0
12053,10802500026856,0.0
12054,10872505026863,-0.0
12055,10922502026868,-0.0
12056,10942502026870,-0.0
12057,10952500026871,-0.0
12026,10242500026791,-0.0
12027,10252500026792,-0.0
12028,10262500026793,-0.0
12029,10272501026794,-0.0
12030,10282500026795,0.0
12031,10292501026796,-0.0
12032,10302500026797,-0.0
12033,10312501026798,-0.0
12066,11302500026905,0.0
12067,11292500026906,0.0
12068,11462500026922,-0.0
12069,11502501026926,0.0
12070,11512501026927,-0.0
12071,11522500026928,0.0
12072,11532500026929,-0.0
12073,11542500026930,0.0
12042,09292505026824,-0.0
12043,09302505026825,-0.0
12044,09312505026826,-0.0
12045,09322505026827,-0.0
12046,10532502026829,0.0
12047,10602500026833,0.0
12048,10612500026834,0.0
12049,10622500026835,0.0
12082,11692505026945,-0.0
12083,11732500026949,-0.0
12084,11742500026950,-0.0
12085,11752500026951,0.0
12086,11762500026952,-0.0
12087,11772500026953,-0.0
12088,11782500026954,0.0
12089,11822501026958,-0.0
12058,10972505026873,-0.0
12059,10982505026874,-0.0
12060,11002502026876,0.0
12061,11022501026878,0.0
12062,11032501026879,0.0
12063,11042501026880,0.0
12064,11052501026881,0.0
12065,11242500026900,-0.0
12098,11942500026970,-0.0
12099,11992500026975,-0.0
12100,12012501026977,-0.0
12101,12022500026978,-0.0
12102,12042500026980,-0.0
12103,12072500026983,-0.0
12104,12082501026984,-0.0
12105,12092500026985,-0.0
12074,11552500026931,0.0
12075,11562500026932,0.0
12076,11572500026933,0.0
12077,11592500026935,-0.0
12078,11602504026936,0.0
12079,11612504026937,0.0
12080,11672505026943,-0.0
12081,11682500026944,-0.0
12114,12282500027004,0.0
12115,12292505027005,-0.0
12116,12302505027006,-0.0
12117,12312500027007,-0.0
12118,12332505027009,-0.0
12119,12342504027010,-0.0
12120,12352502027011,-0.0
12121,12382500027014,-0.0
12090,11832500026959,0.0
12091,11842500026960,0.0
12092,11872500026963,-0.0
12093,11882500026964,-0.0
12094,11892500026965,-0.0
12095,11902500026966,-0.0
12096,11922501026968,-0.0
12097,11932501026969,-0.0
12130,12582500027034,-0.0
12131,12602500027036,-0.0
12132,12692500027045,-0.0
12133,12702500027046,-0.0
12134,12712500027047,-0.0
12135,12752500027051,-0.0
12136,12762500027052,-0.0
12137,12772500027053,0.0
12106,12102500026986,-0.0
12107,12112500026987,-0.0
12108,12122502026988,-0.0
12109,12152502026991,-0.0
12110,12222505026998,-0.0
12111,12232505026999,-0.0
12112,12262500027002,0.0
12113,12272500027003,0.0
12146,12932504027069,-0.0
12147,12942500027070,0.0
12148,12962500027072,-0.0
12149,12972500027073,-0.0
12150,12982505027074,-0.0
12151,12992500027075,-0.0
12152,13002500027076,-0.0
12153,13012505027077,-0.0
12122,12392500027015,-0.0
12123,12402500027016,-0.0
12124,12412500027017,-0.0
12125,12432500027019,-0.0
12126,12452500027021,0.0
12127,12472500027023,-0.0
12128,12482500027024,-0.0
12129,12492500027025,-0.0
12162,13322504027108,-0.0
12163,13332500027109,-0.0
12164,13342504027110,-0.0
12165,13352504027111,0.0
12166,13362500027112,-0.0
12167,13372500027113,0.0
12168,13382500027114,-0.0
12169,13392505027115,-0.0
12138,12782500027054,0.0
12139,12792500027055,0.0
12140,12832500027059,0.0
12141,12842500027060,0.0
12142,12852500027061,0.0
12143,12902500027066,-0.0
12144,12912505027067,-0.0
12145,12922505027068,-0.0
12178,13642500027140,0.0
12179,13702500027146,-0.0
12180,13712500027147,-0.0
12181,13862500027162,0.0
12182,13882500027164,0.0
12183,13902500027166,0.0
12184,13922500027168,-0.0
12185,13982501027174,-0.0
12154,13022500027078,0.0
12155,13032505027079,-0.0
12156,13042504027080,0.0
12157,13272500027103,-0.0
12158,13282500027104,-0.0
12159,13292500027105,-0.0
12160,13312500027106,0.0
12161,13302500027107,0.0
12194,14102500027186,-0.0
12195,14112500027187,0.0
12196,14122500027188,0.0
12197,14132500027189,0.0
12198,14142500027190,0.0
12199,14152500027191,-0.0
12200,14162500027192,-0.0
12201,14172500027193,-0.0
12170,13402505027116,-0.0
12171,13412505027117,-0.0
12172,13432500027119,-0.0
12173,13442500027120,0.0
12174,13532500027129,-0.0
12175,13542500027130,-0.0
12176,13552500027131,-0.0
12177,13622500027138,0.0
12210,00302600027237,0.0
12211,00312605027238,-0.0
12212,00332604027240,-0.0
12213,00342600027241,-0.0
12214,00352605027242,-0.0
12215,00362600027243,-0.0
12216,00372605027244,-0.0
12217,00392604027246,-0.0
12186,13992500027175,-0.0
12187,14002500027176,0.0
12188,14022505027178,-0.0
12189,14052500027181,0.0
12190,14062500027182,-0.0
12191,14072500027183,-0.0
12192,14082500027184,-0.0
12193,14092500027185,-0.0
12226,00562600027263,-0.0
12227,00572600027264,-0.0
12228,00582600027265,0.0
12229,00602600027267,0.0
12230,00612604027268,0.0
12231,00622600027269,0.0
12232,00632600027270,0.0
12233,00642600027271,0.0
12202,14202503027196,-0.0
12203,14312500027207,-0.0
12204,14322501027208,-0.0
12205,00242600027231,0.0
12206,00252605027232,-0.0
12207,00262600027233,0.0
12208,00272605027234,-0.0
12209,00292605027236,-0.0
12242,00812604027288,-0.0
12243,00822600027289,-0.0
12244,00842604027291,-0.0
12245,00852600027293,0.0
12246,00862605027294,0.0
12247,00882603027296,-0.0
12248,01082600027316,0.0
12249,01092600027317,0.0
12218,00402600027247,-0.0
12219,00472605027254,-0.0
12220,00482600027255,0.0
12221,00492605027256,0.0
12222,00502601027257,0.0
12223,00512600027258,0.0
12224,00542601027261,-0.0
12225,00552601027262,-0.0
12258,01472604027335,0.0
12259,01482604027336,0.0
12260,01492604027337,0.0
12261,01502604027338,-0.0
12262,01512604027339,0.0
12263,01522604027340,0.0
12264,01532604027341,-0.0
12265,01542604027342,-0.0
12234,00662605027273,-0.0
12235,00672604027274,0.0
12236,00682605027275,-0.0
12237,00692605027276,-0.0
12238,00702605027277,0.0
12239,00752600027282,-0.0
12240,00762604027283,-0.0
12241,00792600027286,-0.0
12274,01692605027357,-0.0
12275,01702604027358,-0.0
12276,01712605027359,-0.0
12277,01722605027360,-0.0
12278,02112600027399,-0.0
12279,02172600027405,0.0
12280,02192605027407,-0.0
12281,02202605027408,-0.0
12250,01102600027318,0.0
12251,01122601027320,0.0
12252,01152600027323,0.0
12253,01162600027324,0.0
12254,01172600027325,0.0
12255,01442604027332,0.0
12256,01452600027333,0.0
12257,01462604027334,0.0
12290,02432600027431,-0.0
12291,02442600027432,0.0
12292,02452600027433,0.0
12293,02462600027434,-0.0
12294,02472600027435,-0.0
12295,02492600027437,0.0
12296,02502600027438,0.0
12297,02772604027485,0.0
12266,01552604027343,-0.0
12267,01562600027344,-0.0
12268,01572600027345,-0.0
12269,01582600027346,0.0
12270,01592600027347,0.0
12271,01602600027348,0.0
12272,01612604027349,0.0
12273,01682604027356,0.0
12306,03072600027514,0.0
12307,03062600027515,-0.0
12308,03082600027516,-0.0
12309,03092600027517,-0.0
12310,03102600027518,-0.0
12311,03112600027519,-0.0
12312,03122600027520,-0.0
12313,03132600027521,-0.0
12282,02212600027409,-0.0
12283,02222600027410,-0.0
12284,02252605027413,-0.0
12285,02332600027421,-0.0
12286,02342600027422,-0.0
12287,02372605027425,-0.0
12288,02392600027427,-0.0
12289,02422600027430,0.0
12322,03592600027567,0.0
12323,03602600027568,-0.0
12324,03612600027569,-0.0
12325,03622600027570,-0.0
12326,03632600027571,-0.0
12327,03642600027572,-0.0
12328,03652600027573,0.0
12329,03682600027576,-0.0
12298,02782600027486,0.0
12299,02792605027487,0.0
12300,02842600027492,-0.0
12301,02852600027493,-0.0
12302,02862600027494,-0.0
12303,03022605027510,0.0
12304,03042600027512,0.0
12305,03052600027513,0.0
12338,03842605027592,-0.0
12339,03852604027593,-0.0
12340,03862605027594,-0.0
12341,03872600027595,-0.0
12342,03892600027596,-0.0
12343,03882605027597,-0.0
12344,03902605027598,-0.0
12345,03912604027599,-0.0
12314,03512600027559,-0.0
12315,03522600027560,-0.0
12316,03532600027561,-0.0
12317,03542600027562,0.0
12318,03552600027563,0.0
12319,03562600027564,0.0
12320,03572600027565,0.0
12321,03582600027566,0.0
12354,04122600027619,0.0
12355,04132604027620,0.0
12356,04052604027621,0.0
12357,04142600027622,0.0
12358,04152600027623,0.0
12359,04162605027624,-0.0
12360,04172604027625,-0.0
12361,04332600027641,-0.0
12330,03692600027577,-0.0
12331,03702600027578,-0.0
12332,03712600027579,0.0
12333,03722600027580,-0.0
12334,03732600027581,0.0
12335,03742600027582,-0.0
12336,03762600027584,0.0
12337,03832605027591,-0.0
12370,04482600027656,-0.0
12371,04502600027658,-0.0
12372,04512600027659,-0.0
12373,04522605027660,-0.0
12374,04532604027661,-0.0
12375,04542605027662,-0.0
12376,04552605027663,-0.0
12377,04572605027665,-0.0
12346,03922605027600,-0.0
12347,03932600027601,0.0
12348,03942605027602,-0.0
12349,03952604027603,-0.0
12350,04022600027610,0.0
12351,04032600027611,0.0
12352,04042600027612,0.0
12353,04102600027617,0.0
12386,04652604027678,-0.0
12387,04672605027680,-0.0
12388,04692604027682,-0.0
12389,04702605027683,-0.0
12390,04712604027684,-0.0
12391,04722605027685,-0.0
12392,04732605027686,-0.0
12393,04802605027688,-0.0
12362,04342600027642,-0.0
12363,04352601027643,0.0
12364,04362601027644,0.0
12365,04372600027645,0.0
12366,04392604027647,0.0
12367,04412605027649,-0.0
12368,04462600027654,-0.0
12369,04472604027655,-0.0
12402,04892600027697,-0.0
12403,04902600027698,-0.0
12404,04952605027703,-0.0
12405,04972600027705,-0.0
12406,04992605027707,-0.0
12407,05002605027708,-0.0
12408,05012600027709,-0.0
12409,05022605027710,-0.0
12378,04582604027666,-0.0
12379,04602605027668,-0.0
12380,04622605027670,-0.0
12381,04632605027671,-0.0
12382,04742600027672,-0.0
12383,04762605027674,-0.0
12384,04772604027675,-0.0
12385,04642605027677,-0.0
12418,05182600027726,0.0
12419,05192605027727,-0.0
12420,05202604027728,-0.0
12421,05212605027729,-0.0
12422,05222604027730,-0.0
12423,05252605027733,0.0
12424,05312600027734,0.0
12425,05272605027736,-0.0
12394,04812605027689,-0.0
12395,04822605027690,-0.0
12396,04832600027691,0.0
12397,04842600027692,-0.0
12398,04852600027693,-0.0
12399,04862600027694,0.0
12400,04872600027695,0.0
12401,04882600027696,-0.0
12434,05502600027758,0.0
12435,05522600027760,-0.0
12436,05532605027761,-0.0
12437,05542604027762,-0.0
12438,05552605027763,-0.0
12439,05562600027764,-0.0
12440,05582600027765,-0.0
12441,05572604027766,-0.0
12410,05032604027711,-0.0
12411,05042600027712,-0.0
12412,05062605027714,-0.0
12413,05072604027715,-0.0
12414,05132600027721,-0.0
12415,05142605027722,-0.0
12416,05152604027723,-0.0
12417,05162605027724,-0.0
12450,05752600027783,-0.0
12451,05762600027784,-0.0
12452,05792600027787,0.0
12453,05812605027789,-0.0
12454,05822604027790,-0.0
12455,05872600027795,-0.0
12456,05882600027796,-0.0
12457,05892600027797,-0.0
12426,05282604027737,-0.0
12427,05292600027738,0.0
12428,05302605027739,-0.0
12429,05322605027740,-0.0
12430,05432600027751,0.0
12431,05442600027752,0.0
12432,05452600027753,0.0
12433,05462605027754,0.0
12466,06072600027815,-0.0
12467,06082600027816,-0.0
12468,06122600027820,-0.0
12469,06172600027825,-0.0
12470,06182600027826,-0.0
12471,06192600027827,0.0
12472,06202600027828,-0.0
12473,06212600027829,0.0
12442,05592605027767,-0.0
12443,05602604027768,-0.0
12444,05612604027769,-0.0
12445,05622601027770,-0.0
12446,05632601027771,-0.0
12447,05642601027772,-0.0
12448,05662600027774,0.0
12449,05742600027782,-0.0
12482,06312600027839,-0.0
12483,06332600027841,-0.0
12484,06342600027842,0.0
12485,06362600027844,-0.0
12486,06372600027845,0.0
12487,06382600027846,0.0
12488,06402600027848,0.0
12489,06412600027849,-0.0
12458,05902600027798,-0.0
12459,05912603027799,0.0
12460,05922603027800,0.0
12461,05932603027801,0.0
12462,05942600027802,0.0
12463,05952600027803,0.0
12464,05962605027804,0.0
12465,06062600027814,-0.0
12498,06582600027866,-0.0
12499,06682604027876,-0.0
12500,06772600027885,0.0
12501,06872600027895,0.0
12502,06882600027896,0.0
12503,06902605027898,-0.0
12504,06912604027899,-0.0
12505,06952600027903,0.0
12474,06222600027830,-0.0
12475,06232600027831,-0.0
12476,06242600027832,-0.0
12477,06252600027833,-0.0
12478,06262600027834,0.0
12479,06282600027836,0.0
12480,06292600027837,-0.0
12481,06302600027838,-0.0
12514,07062600027914,-0.0
12515,07082600027916,0.0
12516,07092600027917,-0.0
12517,07102600027918,-0.0
12518,07122604027920,-0.0
12519,07132604027921,-0.0
12520,07142600027922,0.0
12521,07162600027924,0.0
12490,06422604027850,-0.0
12491,06442604027852,0.0
12492,06462604027854,-0.0
12493,06532604027861,-0.0
12494,06542601027862,-0.0
12495,06552601027863,-0.0
12496,06562601027864,-0.0
12497,06572600027865,0.0
12530,07262600027934,0.0
12531,07272604027935,0.0
12532,07282604027936,0.0
12533,07292604027937,-0.0
12534,07302604027938,0.0
12535,07312604027939,0.0
12536,07322604027940,0.0
12537,07332604027941,-0.0
12506,06982600027906,-0.0
12507,06992604027907,-0.0
12508,07002604027908,-0.0
12509,07012600027909,-0.0
12510,07022600027910,-0.0
12511,07032600027911,0.0
12512,07042600027912,-0.0
12513,07052600027913,-0.0
12546,07432600027951,0.0
12547,07442600027952,0.0
12548,07452600027953,0.0
12549,07462600027954,0.0
12550,07472600027955,0.0
12551,07532600027961,-0.0
12552,07552601027963,0.0
12553,07562601027964,0.0
12522,07172600027925,-0.0
12523,07182600027926,-0.0
12524,07192600027927,-0.0
12525,07202600027928,0.0
12526,07212600027929,-0.0
12527,07222600027930,-0.0
12528,07232600027931,-0.0
12529,07252600027933,-0.0
12562,08152605028014,-0.0
12563,08162605028015,-0.0
12564,08172605028016,0.0
12565,08282605028027,-0.0
12566,08382601028037,0.0
12567,07692600028038,0.0
12568,07722605028041,-0.0
12569,08692605028077,0.0
12538,07342604027942,0.0
12539,07352604027943,0.0
12540,07362600027944,0.0
12541,07372600027945,0.0
12542,07382603027946,-0.0
12543,07392603027947,0.0
12544,07412601027949,-0.0
12545,07422601027950,-0.0
12578,08862604028094,0.0
12579,08872604028095,-0.0
12580,08882604028096,0.0
12581,08902601028098,0.0
12582,08912601028099,0.0
12583,08922601028100,0.0
12584,08932601028101,0.0
12585,08942601028102,0.0
12554,07572601027965,0.0
12555,07582601027966,0.0
12556,07592601027967,0.0
12557,07602601027968,0.0
12558,07612601027969,0.0
12559,07622601027970,0.0
12560,07632601027971,0.0
12561,07802605027979,0.0
12594,09092605028117,-0.0
12595,09112600028119,-0.0
12596,09122600028120,-0.0
12597,09132600028121,-0.0
12598,09342600028126,-0.0
12599,09352600028127,-0.0
12600,09412600028133,0.0
12601,09442600028136,0.0
12570,08752605028083,-0.0
12571,08762605028084,-0.0
12572,08802600028088,0.0
12573,08812604028089,0.0
12574,08822604028090,0.0
12575,08832604028091,-0.0
12576,08842604028092,0.0
12577,08852604028093,0.0
12610,09652605028157,-0.0
12611,09672601028159,-0.0
12612,09172604028161,0.0
12613,09692600028168,0.0
12614,09702600028169,-0.0
12615,09712600028170,0.0
12616,09722600028171,-0.0
12617,09732600028172,0.0
12586,08952600028103,0.0
12587,08962601028104,0.0
12588,08982601028106,0.0
12589,09002605028108,-0.0
12590,09012604028109,-0.0
12591,09052600028113,-0.0
12592,09062605028114,-0.0
12593,09082600028116,0.0
12626,09802601028181,0.0
12627,09832600028182,0.0
12628,09842600028183,0.0
12629,09852600028184,-0.0
12630,09862600028185,-0.0
12631,09892600028188,0.0
12632,09902601028189,-0.0
12633,09912600028190,0.0
12602,09452600028137,0.0
12603,09472600028139,0.0
12604,09502600028142,-0.0
12605,09512600028143,-0.0
12606,09522600028144,-0.0
12607,09562600028148,-0.0
12608,09632605028155,-0.0
12609,09642600028156,-0.0
12642,10022600028201,0.0
12643,10032600028202,-0.0
12644,10042600028203,0.0
12645,10062600028205,-0.0
12646,10072600028206,-0.0
12647,10082600028207,-0.0
12648,10092600028208,-0.0
12649,10102600028209,-0.0
12618,09742600028173,0.0
12619,09812600028174,0.0
12620,09822600028175,0.0
12621,09752600028176,0.0
12622,09762601028177,0.0
12623,09772600028178,0.0
12624,09782601028179,0.0
12625,09792600028180,0.0
12658,10192600028218,-0.0
12659,10202600028219,-0.0
12660,10212600028220,-0.0
12661,10222600028221,-0.0
12662,10232600028222,-0.0
12663,10242600028223,-0.0
12664,10252600028224,-0.0
12665,10262600028225,-0.0
12634,09922601028191,-0.0
12635,09932600028192,0.0
12636,09942601028193,-0.0
12637,09972600028196,0.0
12638,09982600028197,0.0
12639,09992600028198,0.0
12640,10002600028199,0.0
12641,10012600028200,0.0
12674,10382600028237,-0.0
12675,10392601028238,-0.0
12676,09312605028258,0.0
12677,09322605028259,0.0
12678,10532602028261,-0.0
12679,10602600028265,-0.0
12680,10612600028266,-0.0
12681,10622600028267,-0.0
12650,10112600028210,-0.0
12651,10122600028211,-0.0
12652,10132600028212,-0.0
12653,10142601028213,-0.0
12654,10152600028214,-0.0
12655,10162601028215,-0.0
12656,10172600028216,-0.0
12657,10182601028217,-0.0
12690,11032601028311,0.0
12691,11042601028312,0.0
12692,11052601028313,0.0
12693,11242600028332,-0.0
12694,11442600028352,-0.0
12695,11452600028353,-0.0
12696,11462600028354,-0.0
12697,11472600028355,-0.0
12666,10272601028226,-0.0
12667,10292601028228,-0.0
12668,10302600028229,0.0
12669,10312601028230,-0.0
12670,10322600028231,0.0
12671,10352601028234,-0.0
12672,10362600028235,0.0
12673,10372601028236,-0.0
12706,11742600028382,-0.0
12707,11762600028384,-0.0
12708,11772600028385,-0.0
12709,11782600028386,0.0
12710,11822601028390,0.0
12711,11832600028391,0.0
12712,11842600028392,0.0
12713,12042600028412,0.0
12682,10632600028268,-0.0
12683,10592600028274,-0.0
12684,10682600028276,-0.0
12685,10772600028285,-0.0
12686,10872605028295,0.0
12687,10972605028305,-0.0
12688,10982605028306,-0.0
12689,11022601028310,0.0
12722,12262600028434,-0.0
12723,12272600028435,-0.0
12724,12282600028436,-0.0
12725,12292605028437,-0.0
12726,12302605028438,-0.0
12727,12312600028439,-0.0
12728,12332605028441,-0.0
12729,12342604028442,-0.0
12698,11532600028361,-0.0
12699,11542600028362,0.0
12700,11562600028364,0.0
12701,11592600028367,-0.0
12702,11602604028368,0.0
12703,11652600028373,-0.0
12704,11662600028374,-0.0
12705,11692605028377,-0.0
12738,12462600028454,0.0
12739,12472600028455,0.0
12740,12512600028459,-0.0
12741,12522604028460,-0.0
12742,12582600028466,-0.0
12743,12602600028468,-0.0
12744,12672600028475,-0.0
12745,12682605028476,-0.0
12714,12112600028419,-0.0
12715,12122602028420,-0.0
12716,12152602028423,-0.0
12717,12172602028425,-0.0
12718,12182600028426,-0.0
12719,12192602028427,-0.0
12720,12222605028430,-0.0
12721,12232605028431,-0.0
12754,12792600028487,0.0
12755,12802600028488,0.0
12756,12812600028489,0.0
12757,12822600028490,0.0
12758,12832600028491,0.0
12759,12842600028492,0.0
12760,12852600028493,0.0
12761,12862600028494,0.0
12730,12362600028444,0.0
12731,12372600028445,0.0
12732,12382600028446,0.0
12733,12402600028448,-0.0
12734,12422600028450,0.0
12735,12432600028451,0.0
12736,12442600028452,0.0
12737,12452600028453,0.0
12770,13092600028517,-0.0
12771,13272600028535,0.0
12772,13282600028536,0.0
12773,13292600028537,0.0
12774,13322604028540,0.0
12775,13332600028541,0.0
12776,13342604028542,0.0
12777,13352604028543,0.0
12746,12692600028477,-0.0
12747,12702600028478,-0.0
12748,12712600028479,-0.0
12749,12722604028480,-0.0
12750,12752600028483,-0.0
12751,12762600028484,-0.0
12752,12772600028485,0.0
12753,12782600028486,0.0
12786,13652600028573,0.0
12787,13662600028574,0.0
12788,13672600028575,0.0
12789,13682600028576,0.0
12790,13692600028577,0.0
12791,13712600028579,-0.0
12792,13812600028589,-0.0
12793,13822600028590,-0.0
12762,12872600028495,0.0
12763,12882600028496,0.0
12764,12912605028499,-0.0
12765,12922605028500,-0.0
12766,12932604028501,-0.0
12767,12982605028506,-0.0
12768,12992600028507,0.0
12769,13012605028509,-0.0
12802,14112600028619,0.0
12803,14122600028620,-0.0
12804,14132600028621,-0.0
12805,14142600028622,-0.0
12806,14152600028623,0.0
12807,14162600028624,0.0
12808,14172600028625,0.0
12809,14202603028628,-0.0
12778,13362600028544,0.0
12779,13392605028547,-0.0
12780,13402605028548,0.0
12781,13432600028551,-0.0
12782,13442600028552,-0.0
12783,13622600028570,0.0
12784,13632600028571,0.0
12785,13642600028572,0.0
12818,00322900028671,0.0
12819,00332904028672,-0.0
12820,00352905028674,-0.0
12821,00372905028676,-0.0
12822,00392904028678,-0.0
12823,00402900028679,-0.0
12824,00462900028685,-0.0
12825,00472905028686,-0.0
12794,13832600028591,-0.0
12795,13982601028606,-0.0
12796,13992600028607,-0.0
12797,14002600028608,0.0
12798,14072600028615,-0.0
12799,14082600028616,-0.0
12800,14092600028617,-0.0
12801,14102600028618,0.0
12834,00622900028701,0.0
12835,00632900028702,0.0
12836,00642900028703,0.0
12837,00662905028705,-0.0
12838,00672904028706,-0.0
12839,00732900028712,0.0
12840,00742900028713,-0.0
12841,00752900028714,-0.0
12810,14312600028639,0.0
12811,00252905028664,-0.0
12812,00262900028665,-0.0
12813,00272905028666,-0.0
12814,00282900028667,-0.0
12815,00292905028668,-0.0
12816,00302900028669,-0.0
12817,00312905028670,-0.0
12850,00882903028728,-0.0
12851,01012900028741,0.0
12852,01082900028748,-0.0
12853,01092900028749,-0.0
12854,01102900028750,-0.0
12855,01122901028752,0.0
12856,01192900028759,0.0
12857,01202905028760,-0.0
12826,00482900028687,0.0
12827,00502901028689,0.0
12828,00512900028690,-0.0
12829,00562900028695,0.0
12830,00572900028696,0.0
12831,00582900028697,0.0
12832,00602900028699,0.0
12833,00612904028700,0.0
12866,01532904028773,-0.0
12867,01542904028774,-0.0
12868,01552904028775,-0.0
12869,01562900028776,-0.0
12870,01572900028777,-0.0
12871,01582900028778,-0.0
12872,01592900028779,0.0
12873,01602900028780,-0.0
12842,00762904028715,-0.0
12843,00812904028720,-0.0
12844,00822900028721,0.0
12845,00832904028722,0.0
12846,00842904028723,0.0
12847,00852900028725,0.0
12848,00862905028726,-0.0
12849,00872903028727,-0.0
12882,02122900028832,-0.0
12883,02132900028833,0.0
12884,02192905028839,-0.0
12885,02202905028840,-0.0
12886,02212900028841,-0.0
12887,02222900028842,-0.0
12888,02242900028844,-0.0
12889,02252905028845,-0.0
12858,01222905028762,-0.0
12859,01442904028764,-0.0
12860,01452900028765,-0.0
12861,01462904028766,-0.0
12862,01472904028767,0.0
12863,01492904028769,0.0
12864,01512904028771,-0.0
12865,01522904028772,-0.0
12897,02472900028867,-0.0
12898,02482900028868,-0.0
12899,02492900028869,-0.0
12900,02502900028870,0.0
12901,02782900028918,-0.0
12902,02792905028919,-0.0
12903,02802900028920,0.0
12904,02832900028923,0.0
12905,02842900028924,-0.0
12874,01612904028781,0.0
12875,01682904028788,0.0
12876,01692905028789,-0.0
12877,01702904028790,-0.0
12878,01712905028791,0.0
12879,01722905028792,-0.0
12881,02112900028831,0.0
12913,03042900028944,-0.0
12914,03052900028945,-0.0
12915,03072900028946,-0.0
12916,03062900028947,-0.0
12917,03082900028948,-0.0
12918,03092900028949,-0.0
12919,03102900028950,-0.0
12920,03112900028951,0.0
12921,03122900028952,0.0
12890,02332900028853,-0.0
12891,02342900028854,-0.0
12892,02372905028857,-0.0
12893,02422900028862,0.0
12894,02432900028863,-0.0
12895,02442900028864,0.0
12896,02462900028866,-0.0
12929,03352900028969,-0.0
12930,03362900028970,-0.0
12931,03372900028971,-0.0
12932,03382900028972,-0.0
12933,03392900028973,-0.0
12934,03402900028974,-0.0
12935,03522900028992,0.0
12936,03532900028993,0.0
12937,03542900028994,0.0
12906,02852900028925,-0.0
12907,02862900028926,-0.0
12908,02872900028927,0.0
12909,02882905028928,0.0
12910,02902901028929,0.0
12911,02892905028933,-0.0
12912,03032900028943,-0.0
12945,03622900029002,-0.0
12946,03632900029003,-0.0
12947,03652900029005,-0.0
12948,03662900029006,-0.0
12949,03672900029007,-0.0
12950,03682900029008,-0.0
12951,03692900029009,-0.0
12952,03712900029011,-0.0
12953,03732900029013,-0.0
12922,03132900028953,-0.0
12923,03262900028960,0.0
12924,03272900028961,0.0
12925,03282900028962,0.0
12926,03292900028963,-0.0
12927,03302900028964,-0.0
12928,03312900028965,-0.0
12961,03902905029030,-0.0
12962,03912904029031,-0.0
12963,03922905029032,-0.0
12964,03942905029034,-0.0
12965,03952904029035,-0.0
12966,04102900029049,-0.0
12967,04112901029050,-0.0
12968,04122900029051,-0.0
12969,04132904029052,-0.0
12938,03552900028995,0.0
12939,03562900028996,0.0
12940,03572900028997,0.0
12941,03582900028998,0.0
12942,03592900028999,-0.0
12943,03602900029000,-0.0
12944,03612900029001,-0.0
12977,04352901029075,-0.0
12978,04362901029076,0.0
12979,04372900029077,0.0
12980,04382900029078,-0.0
12981,04392904029079,0.0
12982,04412905029081,-0.0
12983,04452905029085,-0.0
12984,04462900029086,0.0
12985,04472904029087,0.0
12954,03762900029016,0.0
12955,03832905029023,-0.0
12956,03842905029024,-0.0
12957,03852904029025,-0.0
12958,03862905029026,0.0
12959,03892900029028,0.0
12960,03882905029029,-0.0
12993,04562900029096,-0.0
12994,04572905029097,-0.0
12995,04582904029098,-0.0
12996,04592900029099,-0.0
12997,04602905029100,-0.0
12998,04622905029102,-0.0
12999,04632905029103,-0.0
13000,04742900029104,0.0
13001,04762905029106,-0.0
12970,04052904029053,-0.0
12971,04142900029054,0.0
12972,04152900029055,0.0
12973,04162905029056,-0.0
12974,04172904029057,-0.0
12975,04332900029073,-0.0
12976,04342900029074,-0.0
13009,04712904029116,-0.0
13010,04722905029117,-0.0
13011,04732905029118,-0.0
13012,04802905029120,-0.0
13013,04812905029121,-0.0
13014,04822905029122,-0.0
13015,04832900029123,0.0
13016,04842900029124,-0.0
13017,04852900029125,0.0
12986,04482900029088,0.0
12987,04502900029090,-0.0
12988,04512900029091,-0.0
12989,04522905029092,-0.0
12990,04532904029093,-0.0
12991,04542905029094,-0.0
12992,04552905029095,-0.0
13025,05032904029143,-0.0
13026,05042900029144,-0.0
13027,05062905029146,-0.0
13028,05072904029147,-0.0
13029,05142905029154,-0.0
13030,05152904029155,-0.0
13031,05162905029156,-0.0
13032,05172900029157,-0.0
13033,05182900029158,-0.0
13002,04772904029107,-0.0
13003,04642905029109,-0.0
13004,04652904029110,-0.0
13005,04662900029111,-0.0
13006,04672905029112,-0.0
13007,04692904029114,-0.0
13008,04702905029115,-0.0
13041,05272905029168,-0.0
13042,05282904029169,-0.0
13043,05292900029170,0.0
13044,05302905029171,-0.0
13045,05322905029172,-0.0
13046,05432900029183,0.0
13047,05442900029184,0.0
13048,05452900029185,-0.0
13049,05462905029186,-0.0
13018,04882900029128,-0.0
13019,04902900029130,-0.0
13020,04972900029137,-0.0
13021,04992905029139,-0.0
13022,05002905029140,-0.0
13023,05012900029141,-0.0
13024,05022905029142,-0.0
13057,05602904029200,-0.0
13058,05612904029201,-0.0
13059,05662900029206,0.0
13060,05742900029214,-0.0
13061,05752900029215,-0.0
13062,05762900029216,-0.0
13063,05792900029219,-0.0
13064,05802900029220,0.0
13065,05812905029221,-0.0
13034,05192905029159,-0.0
13035,05202904029160,-0.0
13036,05212905029161,-0.0
13037,05222904029162,-0.0
13038,05252905029165,0.0
13039,05312900029166,0.0
13040,05262900029167,0.0
13073,05932903029233,0.0
13074,05942900029234,0.0
13075,05952900029235,0.0
13076,05962905029236,0.0
13077,06032900029243,-0.0
13078,06042900029244,-0.0
13079,06052900029245,-0.0
13080,06062900029246,-0.0
13081,06072900029247,0.0
13050,05502900029190,0.0
13051,05522900029192,-0.0
13052,05532905029193,0.0
13053,05542904029194,-0.0
13054,05552905029195,-0.0
13055,05572904029198,-0.0
13056,05592905029199,-0.0
13089,06212900029261,-0.0
13090,06222900029262,-0.0
13091,06232900029263,-0.0
13092,06252900029265,-0.0
13093,06262900029266,-0.0
13094,06272900029267,-0.0
13095,06282900029268,-0.0
13096,06302900029270,-0.0
13097,06312900029271,-0.0
13066,05822904029222,-0.0
13067,05852900029223,-0.0
13068,05872900029227,-0.0
13069,05882900029228,0.0
13070,05892900029229,-0.0
13071,05902900029230,0.0
13072,05912903029231,0.0
13105,06412900029281,-0.0
13106,06422904029282,-0.0
13107,06442904029284,-0.0
13108,06462904029286,0.0
13109,06532904029293,-0.0
13110,06542901029294,-0.0
13111,06552901029295,-0.0
13112,06562901029296,-0.0
13113,06572900029297,0.0
13082,06082900029248,-0.0
13083,06102900029250,-0.0
13084,06112900029251,-0.0
13085,06122900029252,0.0
13086,06172900029257,-0.0
13087,06192900029259,-0.0
13088,06202900029260,-0.0
13121,06872900029327,0.0
13122,06882900029328,0.0
13123,06902905029330,-0.0
13124,06912904029331,0.0
13125,06932900029333,0.0
13126,06942905029334,0.0
13127,06952900029335,0.0
13128,06972900029337,0.0
13129,06982900029338,-0.0
13098,06322900029272,-0.0
13099,06332900029273,-0.0
13100,06342900029274,0.0
13101,06362900029276,-0.0
13102,06382900029278,0.0
13103,06392900029279,0.0
13104,06402900029280,-0.0
13137,07072900029347,0.0
13138,07082900029348,-0.0
13139,07102900029350,-0.0
13140,07122904029352,-0.0
13141,07132904029353,-0.0
13142,07152900029355,-0.0
13143,07162900029356,0.0
13144,07172900029357,-0.0
13145,07182900029358,-0.0
13114,06582900029298,-0.0
13115,06682904029308,-0.0
13116,06772900029317,0.0
13117,06782900029318,-0.0
13118,06792900029319,-0.0
13119,06802900029320,-0.0
13120,06862900029326,0.0
13153,07312904029371,0.0
13154,07322904029372,-0.0
13155,07332904029373,-0.0
13156,07342904029374,0.0
13157,07352904029375,0.0
13158,07362900029376,0.0
13159,07372900029377,0.0
13160,07382903029378,-0.0
13161,07392903029379,0.0
13130,06992904029339,-0.0
13131,07002904029340,-0.0
13132,07012900029341,0.0
13133,07032900029343,0.0
13134,07042900029344,0.0
13135,07052900029345,-0.0
13136,07062900029346,-0.0
13169,07532900029393,0.0
13170,07552901029395,0.0
13171,07562901029396,0.0
13172,07572901029397,0.0
13173,07582901029398,0.0
13174,07592901029399,0.0
13175,07602901029400,0.0
13176,07612901029401,0.0
13177,07622901029402,0.0
13146,07192900029359,-0.0
13147,07202900029360,-0.0
13148,07212900029361,-0.0
13149,07222900029362,-0.0
13150,07232900029363,-0.0
13151,07282904029368,0.0
13152,07302904029370,-0.0
13185,08372905029468,-0.0
13186,08382901029469,0.0
13187,07692900029470,-0.0
13188,07702905029471,-0.0
13189,07722905029473,-0.0
13190,08692905029509,-0.0
13191,08702905029510,-0.0
13192,08712904029511,-0.0
13193,08722905029512,0.0
13162,07412901029381,-0.0
13163,07422901029382,-0.0
13164,07432900029383,-0.0
13165,07442900029384,0.0
13166,07452900029385,0.0
13167,07462900029386,0.0
13168,07472900029387,0.0
13201,08832904029523,0.0
13202,08852904029525,0.0
13203,08862904029526,0.0
13204,08872904029527,-0.0
13205,08882904029528,-0.0
13206,08892904029529,-0.0
13207,08902901029530,0.0
13208,08912901029531,0.0
13209,08922901029532,0.0
13178,07632901029403,0.0
13179,07682900029408,-0.0
13180,07802905029411,-0.0
13181,08152905029446,-0.0
13182,08172905029448,-0.0
13183,08282905029459,0.0
13184,08362900029467,-0.0
13217,09032900029543,0.0
13218,09052900029545,0.0
13219,09062905029546,-0.0
13220,09082900029548,0.0
13221,09092905029549,0.0
13222,09112900029551,0.0
13223,09122900029552,0.0
13224,09132900029553,-0.0
13225,09332900029557,0.0
13194,08732905029513,0.0
13195,08742904029514,-0.0
13196,08752905029515,-0.0
13197,08762905029516,-0.0
13198,08802900029520,0.0
13199,08812904029521,0.0
13200,08822904029522,0.0
13233,09632905029587,-0.0
13234,09642900029588,-0.0
13235,09652905029589,-0.0
13236,09672901029591,-0.0
13237,09172904029593,0.0
13238,09692900029600,-0.0
13239,09702900029601,-0.0
13240,09712900029602,-0.0
13241,09722900029603,-0.0
13210,08932901029533,0.0
13211,08942901029534,0.0
13212,08952900029535,0.0
13213,08962901029536,0.0
13214,08982901029538,0.0
13215,09002905029540,-0.0
13216,09012904029541,-0.0
13249,09782901029611,-0.0
13250,09792900029612,0.0
13251,09802901029613,-0.0
13252,09832900029614,-0.0
13253,09842900029615,-0.0
13254,09862900029617,0.0
13255,09892900029620,-0.0
13256,09902901029621,-0.0
13257,09912900029622,-0.0
13226,09342900029558,0.0
13227,09362905029560,0.0
13228,09372905029561,0.0
13229,09442900029568,0.0
13230,09472900029571,0.0
13231,09502900029574,-0.0
13232,09562900029580,0.0
13265,10002900029631,0.0
13266,10012900029632,0.0
13267,10022900029633,0.0
13268,10042900029635,-0.0
13269,10072900029638,-0.0
13270,10082900029639,-0.0
13271,10092900029640,-0.0
13272,10102900029641,-0.0
13273,10112900029642,-0.0
13242,09732900029604,-0.0
13243,09742900029605,0.0
13244,09812900029606,0.0
13245,09822900029607,0.0
13246,09752900029608,0.0
13247,09762901029609,-0.0
13248,09772900029610,0.0
13281,10192900029650,-0.0
13282,10202900029651,-0.0
13283,10222900029653,0.0
13284,10232900029654,0.0
13285,10262900029657,-0.0
13286,10272901029658,-0.0
13287,10282900029659,-0.0
13288,10292901029660,-0.0
13289,10302900029661,-0.0
13258,09922901029623,-0.0
13259,09942901029625,-0.0
13260,09952900029626,0.0
13261,09962900029627,0.0
13262,09972900029628,0.0
13263,09982900029629,0.0
13264,09992900029630,0.0
13297,10422905029673,-0.0
13298,09322905029691,-0.0
13299,10602900029697,-0.0
13300,10612900029698,-0.0
13301,10622900029699,0.0
13302,10632900029700,-0.0
13303,10892900029729,-0.0
13304,10902900029730,-0.0
13305,10912902029731,-0.0
13274,10122900029643,-0.0
13275,10132900029644,0.0
13276,10142901029645,-0.0
13277,10152900029646,0.0
13278,10162901029647,-0.0
13279,10172900029648,-0.0
13280,10182901029649,-0.0
13313,11052901029745,0.0
13314,11242900029764,-0.0
13315,11442900029784,-0.0
13316,11462900029786,-0.0
13317,11472900029787,0.0
13318,11482905029788,0.0
13319,11502901029790,-0.0
13320,11522900029792,0.0
13321,11532900029793,-0.0
13290,10312901029662,-0.0
13291,10322900029663,-0.0
13292,10352901029666,-0.0
13293,10362900029667,0.0
13294,10372901029668,-0.0
13295,10382900029669,-0.0
13296,10392901029670,-0.0
13329,11692905029809,-0.0
13330,11702900029810,-0.0
13331,11762900029816,0.0
13332,11782900029818,0.0
13333,11822901029822,0.0
13334,11832900029823,0.0
13335,11872900029827,-0.0
13336,11932901029833,-0.0
13337,11982900029838,-0.0
13306,10922902029732,-0.0
13307,10972905029737,-0.0
13308,10982905029738,-0.0
13309,11002902029740,0.0
13310,11022901029742,0.0
13311,11032901029743,0.0
13312,11042901029744,0.0
13345,12152902029855,-0.0
13346,12222905029862,0.0
13347,12232905029863,0.0
13348,12262900029866,0.0
13349,12272900029867,0.0
13350,12282900029868,0.0
13351,12292905029869,-0.0
13352,12302905029870,-0.0
13353,12322900029872,-0.0
13322,11542900029794,-0.0
13323,11552900029795,0.0
13324,11562900029796,-0.0
13325,11602904029800,0.0
13326,11652900029805,-0.0
13327,11662900029806,-0.0
13328,11682900029808,-0.0
13361,12412900029881,0.0
13362,12422900029882,0.0
13363,12442900029884,0.0
13364,12452900029885,-0.0
13365,12462900029886,0.0
13366,12472900029887,-0.0
13367,12522904029892,-0.0
13368,12582900029898,-0.0
13369,12602900029900,-0.0
13338,12012901029841,-0.0
13339,12062900029846,-0.0
13340,12072900029847,-0.0
13341,12082901029848,-0.0
13342,12092900029849,-0.0
13343,12102900029850,-0.0
13344,12112900029851,-0.0
13375,12712900029911,-0.0
13376,12722904029912,-0.0
13377,12752900029915,-0.0
13378,12762900029916,-0.0
13379,12772900029917,-0.0
13380,12782900029918,-0.0
13381,12812900029921,0.0
13383,12832900029923,-0.0
13384,12842900029924,0.0
13385,12872900029927,0.0
13354,12332905029873,-0.0
13355,12342904029874,-0.0
13356,12352902029875,0.0
13357,12362900029876,-0.0
13358,12372900029877,-0.0
13360,12392900029879,0.0
13391,12972900029937,0.0
13392,12982905029938,-0.0
13393,12992900029939,-0.0
13394,13002900029940,-0.0
13395,13012905029941,-0.0
13396,13022900029942,0.0
13397,13032905029943,0.0
13398,13322904029972,-0.0
13399,13352904029975,0.0
13400,13362900029976,-0.0
13401,13392905029979,0.0
13370,12642905029904,0.0
13371,12672900029907,-0.0
13372,12682905029908,-0.0
13373,12692900029909,-0.0
13374,12702900029910,-0.0
13407,13642900030004,0.0
13408,13652900030005,0.0
13409,13662900030006,0.0
13410,13682900030008,0.0
13411,13702900030010,0.0
13412,13732900030013,-0.0
13413,13742900030014,0.0
13414,13752900030015,-0.0
13415,13762900030016,-0.0
13416,13772900030017,-0.0
13417,13782900030018,-0.0
13386,12882900029928,-0.0
13387,12912905029931,-0.0
13388,12922905029932,-0.0
13389,12932904029933,-0.0
13390,12962900029936,0.0
13423,13862900030026,0.0
13424,13872900030027,0.0
13425,13882900030028,0.0
13426,13892900030029,0.0
13427,13902900030030,0.0
13428,13912900030031,0.0
13429,13922900030032,0.0
13430,13932900030033,0.0
13431,13982901030038,-0.0
13432,13992900030039,-0.0
13433,14002900030040,-0.0
13402,13402905029980,0.0
13403,13412905029981,0.0
13404,13442900029984,-0.0
13405,13622900030002,0.0
13406,13632900030003,0.0
13439,14122900030052,0.0
13440,14132900030053,0.0
13441,14142900030054,0.0
13442,14152900030055,-0.0
13443,14162900030056,-0.0
13444,14172900030057,-0.0
13445,14202903030060,-0.0
13446,14312900030071,-0.0
13447,00023000030073,-0.0
13448,00033000030074,-0.0
13449,00043000030075,-0.0
13418,13802900030020,-0.0
13419,13822900030022,0.0
13420,13832900030023,0.0
13421,13842900030024,0.0
13422,13852900030025,0.0
13455,00273005030098,-0.0
13456,00293005030100,-0.0
13457,00303000030101,-0.0
13458,00313005030102,-0.0
13459,00333004030104,-0.0
13460,00343000030105,0.0
13461,00353005030106,-0.0
13462,00363000030107,-0.0
13463,00373005030108,-0.0
13464,00393004030110,-0.0
13465,00403000030111,-0.0
13434,14062900030046,-0.0
13435,14072900030047,-0.0
13436,14082900030048,0.0
13437,14092900030049,-0.0
13438,14112900030051,0.0
13471,00493005030120,-0.0
13472,00503001030121,0.0
13473,00563000030127,0.0
13474,00573000030128,0.0
13475,00583000030129,0.0
13476,00623000030133,0.0
13477,00643000030135,-0.0
13478,00663005030137,-0.0
13479,00673004030138,-0.0
13480,00683005030139,-0.0
13481,00693005030140,-0.0
13450,00053000030076,-0.0
13451,00063000030077,-0.0
13452,00073000030078,-0.0
13453,00253005030096,-0.0
13454,00263000030097,0.0
13487,00763004030147,-0.0
13488,00793000030150,-0.0
13489,00803000030151,-0.0
13490,00813004030152,-0.0
13491,00833004030154,0.0
13492,00853000030157,0.0
13493,00863005030158,0.0
13494,00883003030160,0.0
13495,01033003030175,-0.0
13496,01083000030180,-0.0
13497,01093000030181,-0.0
13466,00413000030112,0.0
13467,00423004030113,0.0
13468,00443000030115,0.0
13469,00473005030118,-0.0
13470,00483000030119,0.0
13503,01193000030191,-0.0
13504,01203005030192,-0.0
13505,01443004030196,0.0
13506,01453000030197,0.0
13507,01463004030198,0.0
13508,01473004030199,0.0
13509,01483004030200,0.0
13510,01493004030201,-0.0
13511,01503004030202,-0.0
13512,01513004030203,-0.0
13513,01523004030204,-0.0
13482,00703005030141,-0.0
13483,00723000030143,0.0
13484,00733000030144,-0.0
13485,00743000030145,0.0
13486,00753000030146,-0.0
13519,01673004030219,-0.0
13520,01683004030220,-0.0
13521,01693005030221,-0.0
13522,01703004030222,-0.0
13523,01713005030223,-0.0
13524,01833001030235,0.0
13525,02103000030262,-0.0
13526,02113000030263,-0.0
13527,02133000030265,0.0
13528,02143000030266,0.0
13529,02153000030267,0.0
13498,01103000030182,-0.0
13499,01123001030184,0.0
13500,01153000030187,-0.0
13501,01163000030188,0.0
13502,01173000030189,0.0
13535,02223000030274,-0.0
13536,02333000030285,0.0
13537,02343000030286,-0.0
13538,02373005030289,-0.0
13539,02393000030291,-0.0
13540,02433000030295,0.0
13541,02453000030297,0.0
13542,02463000030298,-0.0
13543,02473000030299,0.0
13544,02483000030300,0.0
13545,02503000030302,0.0
13514,01533004030205,0.0
13515,01543004030206,0.0
13516,01573000030209,0.0
13517,01593000030211,0.0
13518,01613004030213,0.0
13551,01303000030335,0.0
13552,01313000030336,0.0
13553,01323000030337,-0.0
13554,01343000030339,0.0
13555,01353000030340,0.0
13556,01363000030341,0.0
13557,01373000030342,-0.0
13558,01383000030343,-0.0
13559,01393000030344,-0.0
13560,01403000030345,-0.0
13561,01413000030346,0.0
13530,02173000030269,-0.0
13531,02183005030270,0.0
13532,02193005030271,-0.0
13533,02203005030272,-0.0
13534,02213000030273,0.0
13567,02863000030358,-0.0
13568,02903001030361,0.0
13569,02923005030363,0.0
13570,02933005030364,0.0
13571,02893005030365,-0.0
13572,02963000030368,-0.0
13573,03023005030374,-0.0
13574,03043000030376,0.0
13575,03053000030377,0.0
13576,03063000030379,-0.0
13577,03083000030380,-0.0
13546,01243000030329,0.0
13547,01253000030330,0.0
13548,01263000030331,0.0
13549,01273000030332,0.0
13550,01283000030333,0.0
13583,03513000030423,0.0
13584,03523000030424,-0.0
13585,03533000030425,-0.0
13586,03543000030426,0.0
13587,03553000030427,-0.0
13588,03563000030428,0.0
13589,03573000030429,-0.0
13590,03583000030430,-0.0
13591,03593000030431,-0.0
13592,03603000030432,-0.0
13593,03613000030433,0.0
13562,01433000030348,-0.0
13563,02773004030349,0.0
13564,02793005030351,-0.0
13565,02843000030356,-0.0
13566,02853000030357,-0.0
13599,03733000030445,-0.0
13600,03763000030448,0.0
13601,03843005030456,-0.0
13602,03853004030457,-0.0
13603,03863005030458,-0.0
13604,03873000030459,0.0
13605,03883005030461,-0.0
13606,03903005030462,-0.0
13607,03913004030463,-0.0
13608,03923005030464,-0.0
13609,03933000030465,0.0
13578,03093000030381,-0.0
13579,03103000030382,-0.0
13580,03113000030383,-0.0
13581,03123000030384,-0.0
13582,03133000030385,-0.0
13615,03993005030471,0.0
13616,04003005030472,0.0
13617,04013004030473,0.0
13618,04023000030474,0.0
13619,04033000030475,0.0
13620,04043000030476,0.0
13621,04113001030482,0.0
13622,04123000030483,-0.0
13623,04133004030484,-0.0
13624,04053004030485,-0.0
13625,04143000030486,-0.0
13594,03623000030434,-0.0
13595,03633000030435,-0.0
13596,03653000030437,0.0
13597,03693000030441,-0.0
13598,03713000030443,0.0
13631,04383000030510,-0.0
13632,04393004030511,-0.0
13633,04413005030513,-0.0
13634,04433005030515,0.0
13635,04453005030517,0.0
13636,04463000030518,0.0
13637,04473004030519,0.0
13638,04483000030520,0.0
13639,04513000030523,-0.0
13640,04523005030524,-0.0
13641,04533004030525,-0.0
13610,03943005030466,0.0
13611,03953004030467,0.0
13612,03963000030468,0.0
13613,03973005030469,0.0
13614,03983005030470,0.0
13647,04623005030534,-0.0
13648,04633005030535,-0.0
13649,04763005030538,-0.0
13650,04773004030539,-0.0
13651,04643005030541,-0.0
13652,04653004030542,-0.0
13653,04673005030544,-0.0
13654,04693004030546,-0.0
13655,04703005030547,-0.0
13656,04713004030548,-0.0
13657,04723005030549,-0.0
13626,04163005030488,-0.0
13627,04173004030489,-0.0
13628,04333000030505,-0.0
13629,04343000030506,-0.0
13630,04373000030509,-0.0
13663,04853000030557,-0.0
13664,04863000030558,0.0
13665,04873000030559,-0.0
13666,04883000030560,-0.0
13667,04893000030561,0.0
13668,04963004030568,-0.0
13669,04973000030569,-0.0
13670,04993005030571,-0.0
13671,05003005030572,-0.0
13672,05013000030573,0.0
13673,05023005030574,-0.0
13642,04543005030526,-0.0
13643,04553005030527,-0.0
13644,04573005030529,-0.0
13645,04583004030530,-0.0
13646,04603005030532,-0.0
13679,05093005030581,-0.0
13680,05133000030585,-0.0
13681,05143005030586,-0.0
13682,05153004030587,-0.0
13683,05163005030588,-0.0
13684,05173000030589,-0.0
13685,05183000030590,-0.0
13686,05193005030591,-0.0
13687,05203004030592,-0.0
13688,05213005030593,-0.0
13689,05223004030594,-0.0
13658,04733005030550,-0.0
13659,04813005030553,-0.0
13660,04823005030554,-0.0
13661,04833000030555,-0.0
13662,04843000030556,-0.0
13695,05323005030604,-0.0
13696,05423005030614,-0.0
13697,05433000030615,-0.0
13698,05443000030616,-0.0
13699,05453000030617,-0.0
13700,05463005030618,-0.0
13701,05473000030619,0.0
13702,05493005030621,0.0
13703,05503000030622,0.0
13704,05513000030623,-0.0
13705,05523000030624,-0.0
13674,05033004030575,-0.0
13675,05043000030576,-0.0
13676,05063005030578,-0.0
13677,05073004030579,-0.0
13678,05083000030580,-0.0
13711,05603004030632,-0.0
13712,05613004030633,-0.0
13713,05663000030638,0.0
13714,05743000030646,-0.0
13715,05773005030649,-0.0
13716,05783005030650,-0.0
13717,05813005030653,-0.0
13718,05823004030654,-0.0
13719,05853000030655,-0.0
13720,05873000030659,-0.0
13721,05883000030660,-0.0
13690,05253005030597,0.0
13691,05313000030598,-0.0
13692,05273005030600,-0.0
13693,05283004030601,-0.0
13694,05303005030603,-0.0
13727,06053000030677,-0.0
13728,06063000030678,0.0
13729,06093000030681,-0.0
13730,06103000030682,-0.0
13731,06113000030683,-0.0
13732,06123000030684,-0.0
13733,06173000030689,-0.0
13734,06193000030691,0.0
13735,06233000030695,-0.0
13736,06253000030697,-0.0
13737,06263000030698,0.0
13706,05533005030625,-0.0
13707,05543004030626,-0.0
13708,05553005030627,0.0
13709,05573004030630,-0.0
13710,05593005030631,-0.0
13743,06463004030718,-0.0
13744,06533004030725,-0.0
13745,06543001030726,-0.0
13746,06553001030727,-0.0
13747,06563001030728,-0.0
13748,06573000030729,0.0
13749,06583000030730,-0.0
13750,06683004030740,-0.0
13751,06863000030758,0.0
13752,06873000030759,0.0
13753,06903005030762,-0.0
13722,05893000030661,-0.0
13723,05903000030662,-0.0
13724,05913003030663,0.0
13725,06033000030675,0.0
13726,06043000030676,0.0
13759,07013000030773,0.0
13760,07033000030775,0.0
13761,07043000030776,-0.0
13762,07053000030777,0.0
13763,07063000030778,-0.0
13764,07083000030780,-0.0
13765,07093000030781,-0.0
13766,07103000030782,-0.0
13767,07113000030783,-0.0
13768,07123004030784,-0.0
13769,07133004030785,-0.0
13738,06283000030700,0.0
13739,06293000030701,-0.0
13740,06313000030703,-0.0
13741,06413000030713,-0.0
13742,06423004030714,-0.0
13775,07223000030794,-0.0
13776,07233000030795,-0.0
13777,07243000030796,-0.0
13778,07253000030797,0.0
13779,07263000030798,-0.0
13780,07273004030799,-0.0
13781,07283004030800,-0.0
13782,07293004030801,-0.0
13783,07303004030802,-0.0
13784,07313004030803,-0.0
13785,07323004030804,-0.0
13754,06913004030763,-0.0
13755,06953000030767,0.0
13756,06983000030770,-0.0
13757,06993004030771,-0.0
13758,07003004030772,-0.0
13791,07383003030810,-0.0
13792,07393003030811,-0.0
13793,07403000030812,0.0
13794,07413001030813,-0.0
13795,07423001030814,-0.0
13796,07433000030815,0.0
13797,07443000030816,0.0
13798,07453000030817,0.0
13799,07463000030818,0.0
13800,07473000030819,0.0
13801,07513000030823,0.0
13770,07153000030787,-0.0
13771,07163000030788,0.0
13772,07173000030789,-0.0
13773,07203000030792,-0.0
13774,07213000030793,-0.0
13807,07583001030830,0.0
13808,07593001030831,0.0
13809,07603001030832,0.0
13810,07613001030833,0.0
13811,07623001030834,0.0
13812,07633001030835,0.0
13813,07663000030838,0.0
13814,07673005030839,-0.0
13815,07803005030843,0.0
13816,07813003030844,-0.0
13817,07823003030845,0.0
13786,07333004030805,-0.0
13787,07343004030806,-0.0
13788,07353004030807,-0.0
13789,07363000030808,0.0
13790,07373000030809,0.0
13823,07983003030861,0.0
13824,08013003030864,0.0
13825,08083003030871,0.0
13826,08093003030872,0.0
13827,08113003030874,-0.0
13828,08123003030875,-0.0
13829,08133003030876,-0.0
13830,08153005030878,-0.0
13831,08163005030879,-0.0
13832,08173005030880,-0.0
13833,08243005030881,-0.0
13802,07523000030824,0.0
13803,07533000030825,0.0
13804,07553001030827,0.0
13805,07563001030828,-0.0
13806,07573001030829,0.0
13839,08383001030901,0.0
13840,07733000030907,-0.0
13841,07753000030908,-0.0
13842,07763000030909,-0.0
13843,07773004030910,-0.0
13844,08403004030912,-0.0
13845,08413004030913,-0.0
13846,08453003030917,-0.0
13847,08533003030925,-0.0
13848,08563003030928,0.0
13849,08583003030930,-0.0
13818,07843003030847,-0.0
13819,07863003030849,-0.0
13820,07883003030851,-0.0
13821,07913003030854,0.0
13822,07973003030860,-0.0
13855,08743004030946,-0.0
13856,08753005030947,0.0
13857,08763005030948,0.0
13858,08793000030951,0.0
13859,08803000030952,0.0
13860,08813004030953,0.0
13861,08823004030954,0.0
13862,08833004030955,-0.0
13863,08843004030956,-0.0
13864,08853004030957,-0.0
13865,08873004030959,0.0
13834,08193005030883,-0.0
13835,08253005030886,0.0
13836,08223005030888,0.0
13837,08233005030889,0.0
13838,08273005030890,0.0
13871,08953000030967,0.0
13872,08963001030968,0.0
13873,08983001030970,0.0
13874,09013004030973,-0.0
13875,09033000030975,0.0
13876,09043000030976,0.0
13877,09123000030984,-0.0
13878,09133000030985,-0.0
13879,09363005030992,-0.0
13880,09373005030993,-0.0
13881,09383000030994,0.0
13850,08693005030941,0.0
13851,08703005030942,0.0
13852,08713004030943,0.0
13853,08723005030944,-0.0
13854,08733005030945,-0.0
13887,09443000031000,-0.0
13888,09453000031001,-0.0
13889,09463000031002,-0.0
13890,09473000031003,-0.0
13891,09483000031004,-0.0
13892,09493000031005,-0.0
13893,09513000031007,-0.0
13894,09563000031012,-0.0
13895,09633005031019,0.0
13896,09643000031020,-0.0
13897,09653005031021,-0.0
13866,08883004030960,-0.0
13867,08893004030961,-0.0
13868,08913001030963,-0.0
13869,08933001030965,-0.0
13870,08943001030966,0.0
13903,09723000031035,-0.0
13904,09733000031036,0.0
13905,09743000031037,0.0
13906,09813000031038,0.0
13907,09823000031039,0.0
13908,09753000031040,0.0
13909,09763001031041,-0.0
13910,09773000031042,0.0
13911,09783001031043,-0.0
13912,09793000031044,0.0
13913,09803001031045,-0.0
13882,09393000030995,0.0
13883,09403000030996,0.0
13884,09413000030997,-0.0
13885,09423000030998,-0.0
13886,09433000030999,0.0
13919,09893000031052,-0.0
13920,09903001031053,-0.0
13921,09913000031054,-0.0
13922,09923001031055,-0.0
13923,09933000031056,-0.0
13924,09943001031057,-0.0
13925,09953000031058,-0.0
13926,09963000031059,-0.0
13927,09973000031060,-0.0
13928,09983000031061,-0.0
13929,09993000031062,-0.0
13898,09663005031022,-0.0
13899,09233005031031,0.0
13900,09693000031032,-0.0
13901,09703000031033,-0.0
13902,09713000031034,-0.0
13935,10053000031068,-0.0
13936,10063000031069,-0.0
13937,10073000031070,-0.0
13938,10083000031071,-0.0
13939,10093000031072,-0.0
13940,10103000031073,0.0
13941,10113000031074,-0.0
13942,10123000031075,0.0
13943,10133000031076,-0.0
13944,10143001031077,-0.0
13945,10153000031078,-0.0
13914,09833000031046,0.0
13915,09843000031047,0.0
13916,09853000031048,0.0
13917,09863000031049,0.0
13918,09883000031051,-0.0
13951,10233000031086,-0.0
13952,10243000031087,-0.0
13953,10253000031088,-0.0
13954,10263000031089,-0.0
13955,10273001031090,-0.0
13956,10283000031091,0.0
13957,10293001031092,-0.0
13958,10303000031093,0.0
13959,10313001031094,-0.0
13960,10323000031095,-0.0
13961,10353001031098,-0.0
13930,10003000031063,-0.0
13931,10013000031064,-0.0
13932,10023000031065,-0.0
13933,10033000031066,-0.0
13934,10043000031067,-0.0
13967,09243005031117,0.0
13968,09253005031118,-0.0
13969,09283005031119,0.0
13970,09313005031122,-0.0
13971,09323005031123,-0.0
13972,10533002031125,-0.0
13973,10603000031129,0.0
13974,10613000031130,-0.0
13975,10623000031131,0.0
13976,10633000031132,-0.0
13977,10593000031138,0.0
13946,10163001031079,-0.0
13947,10173000031080,-0.0
13948,10183001031081,-0.0
13949,10193000031082,-0.0
13950,10213000031084,-0.0
13983,10953000031167,-0.0
13984,10973005031169,-0.0
13985,10983005031170,-0.0
13986,11023001031174,-0.0
13987,11033001031175,-0.0
13988,11043001031176,0.0
13989,11053001031177,0.0
13990,11243000031196,0.0
13991,11293000031202,-0.0
13992,11433000031215,0.0
13993,11463000031218,-0.0
13962,10363000031099,-0.0
13963,10373001031100,-0.0
13964,10383000031101,0.0
13965,10393001031102,-0.0
13966,10403005031103,-0.0
13999,11573000031229,-0.0
14000,11593000031231,-0.0
14001,11603004031232,0.0
14002,11703000031242,0.0
14003,11713000031243,0.0
14004,11733000031245,0.0
14005,11743000031246,-0.0
14006,11763000031248,0.0
14007,11783000031250,0.0
14008,11823001031254,-0.0
14009,11833000031255,0.0
13978,10683000031140,0.0
13979,10773000031149,0.0
13980,10803000031152,0.0
13981,10923002031164,-0.0
13982,10943002031166,-0.0
14015,11993000031271,-0.0
14016,12073000031279,-0.0
14017,12083001031280,0.0
14018,12093000031281,-0.0
14019,12103000031282,-0.0
14020,12113000031283,-0.0
14021,12153002031287,-0.0
14022,12223005031294,-0.0
14023,12233005031295,0.0
14024,12263000031298,0.0
14025,12273000031299,0.0
13994,11483005031220,0.0
13995,11503001031222,0.0
13996,11513001031223,-0.0
13997,11533000031225,-0.0
13998,11563000031228,-0.0
14031,12343004031306,-0.0
14032,12353002031307,0.0
14033,12363000031308,0.0
14034,12373000031309,0.0
14035,12383000031310,0.0
14036,12393000031311,-0.0
14037,12403000031312,-0.0
14038,12413000031313,0.0
14039,12433000031315,0.0
14040,12453000031317,-0.0
14041,12473000031319,0.0
14010,11843000031256,0.0
14011,11903000031262,-0.0
14012,11923001031264,-0.0
14013,11943000031266,-0.0
14014,11963000031268,-0.0
14047,12713000031343,0.0
14048,12753000031347,-0.0
14049,12763000031348,-0.0
14050,12773000031349,0.0
14051,12783000031350,0.0
14052,12793000031351,0.0
14053,12803000031352,0.0
14054,12813000031353,0.0
14055,12823000031354,0.0
14056,12833000031355,0.0
14057,12843000031356,0.0
14026,12283000031300,0.0
14027,12293005031301,-0.0
14028,12303005031302,-0.0
14029,12313000031303,-0.0
14030,12333005031305,-0.0
14063,12933004031365,0.0
14064,13043004031376,0.0
14065,13273000031399,-0.0
14066,13283000031400,-0.0
14067,13293000031401,-0.0
14068,13303000031403,0.0
14069,13323004031404,0.0
14070,13333000031405,-0.0
14071,13343004031406,-0.0
14072,13353004031407,0.0
14073,13363000031408,-0.0
14042,12503000031322,0.0
14043,12583000031330,-0.0
14044,12603000031332,-0.0
14045,12693000031341,0.0
14046,12703000031342,0.0
14079,13633000031435,0.0
14080,13643000031436,-0.0
14081,13653000031437,0.0
14082,13663000031438,-0.0
14083,13683000031440,-0.0
14084,13703000031442,-0.0
14085,13713000031443,-0.0
14086,13823000031454,-0.0
14087,13833000031455,-0.0
14088,13843000031456,-0.0
14089,13853000031457,-0.0
14058,12853000031357,0.0
14059,12863000031358,0.0
14060,12873000031359,0.0
14061,12883000031360,0.0
14062,12923005031364,0.0
14095,13983001031470,-0.0
14096,13993000031471,-0.0
14097,14003000031472,0.0
14098,14023005031474,-0.0
14099,14053000031477,0.0
14100,14073000031479,-0.0
14101,14093000031481,-0.0
14102,14113000031483,-0.0
14103,14123000031484,0.0
14104,14133000031485,0.0
14105,14143000031486,0.0
14074,13393005031411,0.0
14075,13413005031413,0.0
14076,13433000031415,0.0
14077,13443000031416,0.0
14078,13623000031434,0.0
14111,00253105031528,-0.0
14112,00273105031530,-0.0
14113,00293105031532,-0.0
14114,00313105031534,-0.0
14115,00323100031535,0.0
14116,00333104031536,-0.0
14117,00343100031537,-0.0
14118,00353105031538,-0.0
14119,00363100031539,-0.0
14120,00373105031540,-0.0
14121,00383100031541,0.0
14090,13863000031458,-0.0
14091,13873000031459,-0.0
14092,13883000031460,-0.0
14093,13903000031462,-0.0
14094,13923000031464,-0.0
14127,00483100031551,0.0
14128,00493105031552,-0.0
14129,00503101031553,0.0
14130,00563100031559,0.0
14131,00573100031560,-0.0
14132,00583100031561,0.0
14133,00603100031563,0.0
14134,00613104031564,0.0
14135,00623100031565,0.0
14136,00633100031566,0.0
14137,00643100031567,0.0
14106,14153000031487,-0.0
14107,14163000031488,-0.0
14108,14173000031489,-0.0
14109,14193005031491,-0.0
14110,14203003031492,-0.0
14143,00733100031576,0.0
14144,00743100031577,0.0
14145,00753100031578,0.0
14146,00763104031579,0.0
14147,00813104031584,-0.0
14148,00823100031585,0.0
14149,00833104031586,0.0
14150,00843104031587,0.0
14151,00853100031589,-0.0
14152,01083100031612,-0.0
14153,01093100031613,-0.0
14122,00393104031542,0.0
14123,00433100031546,0.0
14124,00443100031547,0.0
14125,00453104031548,0.0
14126,00473105031550,-0.0
14159,01173100031621,0.0
14160,01193100031623,0.0
14161,01203105031624,-0.0
14162,01223105031626,-0.0
14163,01443104031628,0.0
14164,01453100031629,-0.0
14165,01463104031630,-0.0
14166,01473104031631,0.0
14167,01503104031634,0.0
14168,01513104031635,-0.0
14169,01523104031636,-0.0
14138,00653100031568,-0.0
14139,00683105031571,-0.0
14140,00693105031572,-0.0
14141,00703105031573,-0.0
14142,00723100031575,-0.0
14175,01663105031650,-0.0
14176,01693105031653,0.0
14177,01703104031654,0.0
14178,01713105031655,-0.0
14179,01723105031656,-0.0
14180,02103100031694,0.0
14181,02113100031695,0.0
14182,02143100031698,0.0
14183,02173100031701,0.0
14184,02193105031703,-0.0
14185,02203105031704,-0.0
14154,01103100031614,-0.0
14155,01123101031616,0.0
14156,01133100031617,-0.0
14157,01153100031619,0.0
14158,01163100031620,0.0
14191,02343100031718,-0.0
14192,02373105031721,-0.0
14193,02393100031723,-0.0
14194,02423100031726,0.0
14195,02433100031727,0.0
14196,02443100031728,0.0
14197,02453100031729,0.0
14198,02463100031730,-0.0
14199,02483100031732,0.0
14200,02503100031734,0.0
14201,02773104031781,-0.0
14170,01533104031637,0.0
14171,01543104031638,-0.0
14172,01553104031639,-0.0
14173,01613104031645,0.0
14174,01653100031649,0.0
14207,02893105031797,0.0
14208,02953100031799,-0.0
14209,02963100031800,-0.0
14210,03023105031806,0.0
14211,03043100031808,0.0
14212,03053100031809,0.0
14213,03073100031810,-0.0
14214,03063100031811,-0.0
14215,03083100031812,0.0
14216,03093100031813,-0.0
14217,03103100031814,-0.0
14186,02213100031705,-0.0
14187,02223100031706,-0.0
14188,02243100031708,0.0
14189,02253105031709,-0.0
14190,02333100031717,-0.0
14223,03343100031832,-0.0
14224,03353100031833,-0.0
14225,03363100031834,-0.0
14226,03373100031835,-0.0
14227,03383100031836,-0.0
14228,03393100031837,-0.0
14229,03403100031838,-0.0
14230,03513100031855,-0.0
14231,03523100031856,-0.0
14232,03533100031857,-0.0
14233,03543100031858,0.0
14202,02793105031783,-0.0
14203,02843100031788,-0.0
14204,02853100031789,-0.0
14205,02863100031790,-0.0
14206,02903101031793,0.0
14239,03603100031864,-0.0
14240,03613100031865,-0.0
14241,03623100031866,-0.0
14242,03633100031867,-0.0
14243,03643100031868,0.0
14244,03653100031869,-0.0
14245,03663100031870,0.0
14246,03673100031871,-0.0
14247,03683100031872,0.0
14248,03693100031873,-0.0
14249,03713100031875,0.0
14218,03113100031815,0.0
14219,03123100031816,-0.0
14220,03133100031817,-0.0
14221,03323100031830,-0.0
14222,03333100031831,-0.0
14255,03893100031892,0.0
14256,03883105031893,-0.0
14257,03903105031894,-0.0
14258,03913104031895,-0.0
14259,03923105031896,-0.0
14260,03933100031897,-0.0
14261,03943105031898,-0.0
14262,03953104031899,-0.0
14263,04113101031914,0.0
14264,04133104031916,0.0
14265,04053104031917,-0.0
14234,03553100031859,0.0
14235,03563100031860,0.0
14236,03573100031861,0.0
14237,03583100031862,0.0
14238,03593100031863,0.0
14271,04343100031938,-0.0
14272,04353101031939,-0.0
14273,04363101031940,0.0
14274,04383100031942,0.0
14275,04413105031945,0.0
14276,04423100031946,0.0
14277,04433105031947,0.0
14278,04443100031948,0.0
14279,04453105031949,0.0
14280,04463100031950,-0.0
14281,04483100031952,0.0
14250,03733100031877,-0.0
14251,03763100031880,0.0
14252,03833105031887,-0.0
14253,03853104031889,-0.0
14254,03863105031890,-0.0
14287,04553105031959,-0.0
14288,04563100031960,0.0
14289,04573105031961,-0.0
14290,04583104031962,-0.0
14291,04603105031964,-0.0
14292,04623105031966,-0.0
14293,04633105031967,-0.0
14294,04753100031969,-0.0
14295,04763105031970,-0.0
14296,04773104031971,-0.0
14297,04643105031973,-0.0
14266,04143100031918,0.0
14267,04153100031919,0.0
14268,04163105031920,-0.0
14269,04173104031921,-0.0
14270,04333100031937,-0.0
14303,04723105031981,-0.0
14304,04733105031982,-0.0
14305,04803105031984,-0.0
14306,04813105031985,-0.0
14307,04823105031986,-0.0
14308,04833100031987,-0.0
14309,04843100031988,-0.0
14310,04853100031989,-0.0
14311,04863100031990,-0.0
14312,04873100031991,-0.0
14313,04883100031992,-0.0
14282,04503100031954,-0.0
14283,04513100031955,-0.0
14284,04523105031956,-0.0
14285,04533104031957,-0.0
14286,04543105031958,-0.0
14319,04993105032003,-0.0
14320,05003105032004,-0.0
14321,05013100032005,-0.0
14322,05023105032006,-0.0
14323,05033104032007,-0.0
14324,05043100032008,-0.0
14325,05063105032010,-0.0
14326,05073104032011,-0.0
14327,05083100032012,-0.0
14328,05093105032013,-0.0
14329,05133100032017,0.0
14298,04653104031974,-0.0
14299,04673105031976,-0.0
14300,04693104031978,-0.0
14301,04703105031979,-0.0
14302,04713104031980,-0.0
14335,05213105032025,-0.0
14336,05223104032026,-0.0
14337,05253105032029,-0.0
14338,05313100032030,0.0
14339,05263100032031,0.0
14340,05273105032032,-0.0
14341,05283104032033,-0.0
14342,05303105032035,-0.0
14343,05323105032036,-0.0
14344,05433100032047,0.0
14345,05443100032048,0.0
14314,04893100031993,0.0
14315,04903100031994,0.0
14316,04943100031998,0.0
14317,04953105031999,0.0
14318,04973100032001,0.0
14351,05543104032058,-0.0
14352,05553105032059,-0.0
14353,05583100032061,0.0
14354,05573104032062,-0.0
14355,05593105032063,-0.0
14356,05603104032064,-0.0
14357,05613104032065,-0.0
14358,05663100032070,-0.0
14359,05743100032078,-0.0
14360,05773105032081,-0.0
14361,05783105032082,0.0
14330,05143105032018,-0.0
14331,05153104032019,-0.0
14332,05173100032021,0.0
14333,05193105032023,-0.0
14334,05203104032024,-0.0
14367,05913103032095,0.0
14368,05943100032098,0.0
14369,05953100032099,0.0
14370,05963105032100,0.0
14371,05973100032101,0.0
14372,06063100032110,-0.0
14373,06073100032111,-0.0
14374,06083100032112,-0.0
14375,06123100032116,0.0
14376,06173100032121,-0.0
14377,06193100032123,0.0
14346,05453100032049,0.0
14347,05463105032050,0.0
14348,05503100032054,-0.0
14349,05513100032055,-0.0
14350,05533105032057,0.0
14383,06273100032131,0.0
14384,06283100032132,0.0
14385,06293100032133,-0.0
14386,06303100032134,0.0
14387,06313100032135,-0.0
14388,06413100032145,-0.0
14389,06423104032146,-0.0
14390,06443104032148,-0.0
14391,06523100032156,-0.0
14392,06533104032157,0.0
14393,06543101032158,-0.0
14362,05793100032083,-0.0
14363,05813105032085,-0.0
14364,05823104032086,-0.0
14365,05873100032091,0.0
14366,05893100032093,0.0
14399,06773100032181,-0.0
14400,06863100032190,0.0
14401,06873100032191,0.0
14402,06883100032192,-0.0
14403,06903105032194,-0.0
14404,06913104032195,-0.0
14405,06943105032198,0.0
14406,06953100032199,0.0
14407,06973100032201,0.0
14408,06983100032202,-0.0
14409,06993104032203,-0.0
14378,06213100032125,-0.0
14379,06233100032127,-0.0
14380,06243100032128,0.0
14381,06253100032129,-0.0
14382,06263100032130,0.0
14415,07073100032211,0.0
14416,07083100032212,-0.0
14417,07093100032213,-0.0
14418,07103100032214,-0.0
14419,07123104032216,-0.0
14420,07133104032217,-0.0
14421,07153100032219,0.0
14422,07163100032220,0.0
14423,07173100032221,-0.0
14424,07183100032222,-0.0
14425,07193100032223,0.0
14394,06553101032159,-0.0
14395,06563101032160,-0.0
14396,06573100032161,0.0
14397,06583100032162,-0.0
14398,06603105032164,-0.0
14431,07273104032231,-0.0
14432,07283104032232,0.0
14433,07313104032235,0.0
14434,07323104032236,-0.0
14435,07333104032237,-0.0
14436,07343104032238,0.0
14437,07353104032239,-0.0
14438,07363100032240,0.0
14439,07373100032241,0.0
14440,07383103032242,-0.0
14441,07393103032243,-0.0
14410,07003104032204,-0.0
14411,07023100032206,-0.0
14412,07033100032207,0.0
14413,07043100032208,-0.0
14414,07053100032209,-0.0
14447,07463100032250,0.0
14448,07473100032251,0.0
14449,07513100032255,-0.0
14450,07523100032256,-0.0
14451,07553101032259,0.0
14452,07563101032260,0.0
14453,07573101032261,0.0
14454,07583101032262,0.0
14455,07593101032263,0.0
14456,07603101032264,0.0
14457,07613101032265,0.0
14426,07213100032225,-0.0
14427,07223100032226,0.0
14428,07233100032227,-0.0
14429,07253100032229,0.0
14430,07263100032230,-0.0
14463,08153105032310,-0.0
14464,08163105032311,0.0
14465,08173105032312,0.0
14466,08283105032323,-0.0
14467,08303105032325,0.0
14468,08363100032331,0.0
14469,08693105032373,0.0
14470,08703105032374,0.0
14471,08713104032375,0.0
14472,08723105032376,0.0
14473,08733105032377,0.0
14442,07413101032245,-0.0
14443,07423101032246,-0.0
14444,07433100032247,0.0
14445,07443100032248,0.0
14446,07453100032249,0.0
14479,08823104032386,0.0
14480,08843104032388,0.0
14481,08853104032389,0.0
14482,08863104032390,-0.0
14483,08873104032391,0.0
14484,08883104032392,-0.0
14485,08893104032393,-0.0
14486,08903101032394,0.0
14487,08913101032395,0.0
14488,08923101032396,0.0
14489,08933101032397,0.0
14458,07623101032266,0.0
14459,07633101032267,0.0
14460,07783100032273,0.0
14461,07793105032274,0.0
14462,07803105032275,0.0
14495,09023100032406,0.0
14496,09033100032407,0.0
14497,09043100032408,0.0
14498,09083100032412,-0.0
14499,09093105032413,-0.0
14500,09113100032415,0.0
14501,09123100032416,-0.0
14502,09133100032417,-0.0
14503,09363105032424,-0.0
14504,09373105032425,-0.0
14505,09563100032444,0.0
14474,08743104032378,0.0
14475,08753105032379,-0.0
14476,08763105032380,-0.0
14477,08803100032384,-0.0
14478,08813104032385,-0.0
14511,09723100032467,-0.0
14512,09733100032468,-0.0
14513,09743100032469,0.0
14514,09813100032470,0.0
14515,09823100032471,0.0
14516,09753100032472,0.0
14517,09763101032473,-0.0
14518,09773100032474,0.0
14519,09783101032475,-0.0
14520,09793100032476,0.0
14521,09803101032477,-0.0
14490,08943101032398,0.0
14491,08953100032399,0.0
14492,08963101032400,0.0
14493,08983101032402,0.0
14494,09013104032405,0.0
14527,09903101032485,-0.0
14528,09913100032486,-0.0
14529,09923101032487,-0.0
14530,09933100032488,-0.0
14531,09943101032489,-0.0
14532,09963100032491,-0.0
14533,09973100032492,0.0
14534,09983100032493,-0.0
14535,09993100032494,0.0
14536,10003100032495,0.0
14537,10013100032496,0.0
14506,09673101032455,-0.0
14507,09173104032457,0.0
14508,09693100032464,-0.0
14509,09703100032465,-0.0
14510,09713100032466,-0.0
14543,10093100032504,-0.0
14544,10103100032505,-0.0
14545,10113100032506,-0.0
14546,10123100032507,-0.0
14547,10133100032508,-0.0
14548,10143101032509,-0.0
14549,10153100032510,-0.0
14550,10163101032511,-0.0
14551,10173100032512,-0.0
14552,10183101032513,-0.0
14553,10193100032514,-0.0
14522,09833100032478,0.0
14523,09843100032479,0.0
14524,09853100032480,0.0
14525,09863100032481,0.0
14526,09893100032484,-0.0
14559,10253100032520,-0.0
14560,10263100032521,-0.0
14561,10273101032522,-0.0
14562,10293101032524,-0.0
14563,10303100032525,0.0
14564,10313101032526,-0.0
14565,10323100032527,0.0
14566,10353101032530,-0.0
14567,10363100032531,0.0
14568,10373101032532,-0.0
14569,10383100032533,-0.0
14538,10023100032497,0.0
14539,10033100032498,0.0
14540,10043100032499,0.0
14541,10073100032502,-0.0
14542,10083100032503,-0.0
14575,10613100032562,-0.0
14576,10623100032563,0.0
14577,10633100032564,-0.0
14578,10683100032572,-0.0
14579,10773100032581,0.0
14580,10973105032601,-0.0
14581,10983105032602,0.0
14582,11023101032606,0.0
14583,11033101032607,0.0
14584,11043101032608,0.0
14585,11053101032609,0.0
14554,10203100032515,-0.0
14555,10213100032516,-0.0
14556,10223100032517,-0.0
14557,10233100032518,-0.0
14558,10243100032519,-0.0
14591,11523100032656,-0.0
14592,11533100032657,-0.0
14593,11553100032659,-0.0
14594,11573100032661,-0.0
14595,11593100032663,-0.0
14596,11603104032664,0.0
14597,11613104032665,-0.0
14598,11653100032669,0.0
14599,11663100032670,-0.0
14600,11683100032672,0.0
14601,11693105032673,0.0
14570,10393101032534,-0.0
14571,10423105032537,-0.0
14572,09313105032554,-0.0
14573,09323105032555,0.0
14574,10603100032561,-0.0
14607,11783100032682,0.0
14608,12113100032715,-0.0
14609,12123102032716,0.0
14610,12223105032726,-0.0
14611,12233105032727,-0.0
14612,12263100032730,-0.0
14613,12293105032733,-0.0
14614,12303105032734,-0.0
14615,12313100032735,-0.0
14616,12323100032736,0.0
14617,12333105032737,-0.0
14586,11243100032628,-0.0
14587,11463100032650,-0.0
14588,11473100032651,-0.0
14589,11483105032652,-0.0
14590,11513101032655,-0.0
14623,12413100032745,-0.0
14624,12433100032747,0.0
14625,12453100032749,0.0
14626,12473100032751,0.0
14627,12583100032762,-0.0
14628,12603100032764,-0.0
14629,12643105032768,0.0
14630,12653100032769,-0.0
14631,12673100032771,0.0
14632,12683105032772,0.0
14633,12693100032773,0.0
14602,11733100032677,0.0
14603,11743100032678,-0.0
14604,11753100032679,-0.0
14605,11763100032680,-0.0
14606,11773100032681,-0.0
14639,12773100032781,0.0
14640,12793100032783,0.0
14641,12833100032787,0.0
14642,12853100032789,0.0
14643,12863100032790,0.0
14644,12883100032792,0.0
14645,12903100032794,0.0
14646,12913105032795,-0.0
14647,12923105032796,-0.0
14648,12933104032797,-0.0
14649,12963100032800,-0.0
14618,12343104032738,-0.0
14619,12353102032739,0.0
14620,12363100032740,0.0
14621,12383100032742,0.0
14622,12393100032743,-0.0
14655,13283100032832,-0.0
14656,13293100032833,0.0
14657,13323104032836,-0.0
14658,13333100032837,-0.0
14659,13343104032838,-0.0
14660,13353104032839,0.0
14661,13363100032840,-0.0
14662,13373100032841,0.0
14663,13393105032843,-0.0
14664,13403105032844,0.0
14665,13413105032845,-0.0
14634,12703100032774,0.0
14635,12713100032775,0.0
14636,12723104032776,-0.0
14637,12753100032779,-0.0
14638,12763100032780,-0.0
14671,13683100032872,0.0
14672,13693100032873,0.0
14673,13893100032893,0.0
14674,13903100032894,0.0
14675,13913100032895,-0.0
14676,13933100032897,0.0
14677,13983101032902,-0.0
14678,14063100032910,-0.0
14679,14073100032911,-0.0
14680,14083100032912,-0.0
14681,14093100032913,-0.0
14650,12973100032801,0.0
14651,12983105032802,-0.0
14652,12993100032803,-0.0
14653,13013105032805,-0.0
14654,13273100032831,-0.0
14687,14203103032924,-0.0
14688,14313100032935,0.0
14689,00253305032960,0.0
14690,00273305032962,0.0
14691,00283300032963,-0.0
14692,00293305032964,0.0
14693,00303300032965,-0.0
14694,00313305032966,0.0
14695,00323300032967,-0.0
14696,00333304032968,-0.0
14697,00343300032969,-0.0
14666,13443100032848,-0.0
14667,13633100032867,-0.0
14668,13653100032869,-0.0
14669,13663100032870,0.0
14670,13673100032871,0.0
14703,00413300032976,-0.0
14704,00423304032977,0.0
14705,00433300032978,-0.0
14706,00463300032981,0.0
14707,00473305032982,0.0
14708,00483300032983,0.0
14709,00493305032984,0.0
14710,00503301032985,0.0
14711,00563300032991,0.0
14712,00573300032992,-0.0
14713,00583300032993,0.0
14682,14103100032914,-0.0
14683,14113100032915,-0.0
14684,14133100032917,0.0
14685,14153100032919,0.0
14686,14193105032923,-0.0
14719,00663305033001,0.0
14720,00673304033002,0.0
14721,00723300033007,0.0
14722,00753300033010,0.0
14723,00763304033011,0.0
14724,00813304033016,0.0
14725,00823300033017,0.0
14726,00833304033018,0.0
14727,00843304033019,0.0
14728,00853300033021,0.0
14729,00863305033022,0.0
14698,00353305032970,-0.0
14699,00373305032972,-0.0
14700,00383300032973,-0.0
14701,00393304032974,-0.0
14702,00403300032975,0.0
14735,01153300033051,0.0
14736,01163300033052,0.0
14737,01173300033053,0.0
14738,01193300033055,-0.0
14739,01203305033056,-0.0
14740,01223305033058,-0.0
14741,01443304033060,0.0
14742,01453300033061,0.0
14743,01463304033062,0.0
14744,01473304033063,0.0
14745,01483304033064,0.0
14714,00603300032995,0.0
14715,00613304032996,0.0
14716,00623300032997,-0.0
14717,00633300032998,-0.0
14718,00643300032999,0.0
14751,01553304033071,-0.0
14752,01563300033072,-0.0
14753,01573300033073,0.0
14754,01583300033074,0.0
14755,01613304033077,0.0
14756,01653300033081,-0.0
14757,01663305033082,-0.0
14758,01683304033084,0.0
14759,01693305033085,0.0
14760,01713305033087,0.0
14761,01723305033088,-0.0
14730,00883303033024,-0.0
14731,01013300033037,-0.0
14732,01083300033044,0.0
14733,01093300033045,0.0
14734,01103300033046,0.0
14767,02213300033137,-0.0
14768,02223300033138,-0.0
14769,02243300033140,-0.0
14770,02253305033141,-0.0
14771,02323300033148,0.0
14772,02333300033149,-0.0
14773,02343300033150,-0.0
14774,02373305033153,-0.0
14775,02393300033155,-0.0
14776,02423300033158,0.0
14777,02433300033159,0.0
14746,01493304033065,0.0
14747,01513304033067,0.0
14748,01523304033068,-0.0
14749,01533304033069,0.0
14750,01543304033070,0.0
14783,02503300033166,0.0
14784,02783300033214,-0.0
14785,02793305033215,0.0
14786,02803300033216,0.0
14787,02813300033217,0.0
14788,02823300033218,0.0
14789,02833300033219,0.0
14790,02843300033220,-0.0
14791,02853300033221,-0.0
14792,02863300033222,-0.0
14793,02903301033225,0.0
14762,02063305033122,0.0
14763,02113300033127,-0.0
14764,02173300033133,0.0
14765,02193305033135,-0.0
14766,02203305033136,-0.0
14799,03093300033245,-0.0
14800,03103300033246,-0.0
14801,03113300033247,0.0
14802,03123300033248,-0.0
14803,03133300033249,-0.0
14804,03263300033256,-0.0
14805,03273300033257,-0.0
14806,03283300033258,-0.0
14807,03293300033259,-0.0
14808,03303300033260,-0.0
14809,03313300033261,-0.0
14778,02443300033160,0.0
14779,02453300033161,-0.0
14780,02463300033162,-0.0
14781,02473300033163,-0.0
14782,02483300033164,-0.0
14815,03373300033267,-0.0
14816,03383300033268,-0.0
14817,03393300033269,-0.0
14818,03403300033270,-0.0
14819,03513300033287,-0.0
14820,03523300033288,0.0
14821,03543300033290,0.0
14822,03553300033291,0.0
14823,03563300033292,0.0
14824,03573300033293,0.0
14825,03583300033294,0.0
14794,03043300033240,-0.0
14795,03053300033241,-0.0
14796,03073300033242,-0.0
14797,03063300033243,-0.0
14798,03083300033244,-0.0
14831,03643300033300,0.0
14832,03653300033301,0.0
14833,03663300033302,0.0
14834,03673300033303,0.0
14835,03683300033304,0.0
14836,03703300033306,0.0
14837,03723300033308,0.0
14838,03743300033310,0.0
14839,03763300033312,0.0
14840,03823300033318,0.0
14841,03833305033319,-0.0
14810,03323300033262,0.0
14811,03333300033263,0.0
14812,03343300033264,0.0
14813,03353300033265,-0.0
14814,03363300033266,-0.0
14847,03883305033325,-0.0
14848,03903305033326,-0.0
14849,03913304033327,-0.0
14850,03923305033328,-0.0
14851,03933300033329,-0.0
14852,03943305033330,-0.0
14853,04103300033345,-0.0
14854,04133304033348,0.0
14855,04143300033350,0.0
14856,04163305033352,-0.0
14857,04173304033353,0.0
14826,03593300033295,0.0
14827,03603300033296,-0.0
14828,03613300033297,-0.0
14829,03623300033298,-0.0
14830,03633300033299,0.0
14862,04373300033373,-0.0
14863,04383300033374,-0.0
14865,04453305033381,0.0
14866,04463300033382,0.0
14867,04473304033383,0.0
14868,04483300033384,-0.0
14869,04503300033386,-0.0
14870,04513300033387,-0.0
14871,04523305033388,-0.0
14872,04533304033389,0.0
14873,04543305033390,-0.0
14842,03843305033320,0.0
14843,03853304033321,-0.0
14844,03863305033322,-0.0
14845,03873300033323,-0.0
14846,03893300033324,-0.0
14878,04623305033398,-0.0
14879,04633305033399,-0.0
14880,04763305033402,-0.0
14881,04773304033403,0.0
14882,04783305033404,-0.0
14883,04643305033405,-0.0
14884,04653304033406,0.0
14885,04673305033408,-0.0
14886,04693304033410,-0.0
14887,04703305033411,-0.0
14888,04713304033412,-0.0
14889,04723305033413,-0.0
14858,04333300033369,-0.0
14859,04343300033370,-0.0
14860,04353301033371,-0.0
14861,04363301033372,0.0
14894,04823305033418,-0.0
14895,04833300033419,0.0
14896,04843300033420,-0.0
14897,04853300033421,0.0
14898,04863300033422,0.0
14899,04873300033423,0.0
14900,04883300033424,-0.0
14901,04893300033425,-0.0
14902,04903300033426,-0.0
14903,04943300033430,-0.0
14904,04953305033431,-0.0
14905,04973300033433,0.0
14874,04553305033391,-0.0
14875,04573305033393,-0.0
14876,04583304033394,0.0
14877,04603305033396,-0.0
14910,05033304033439,0.0
14911,05043300033440,0.0
14912,05063305033442,-0.0
14913,05073304033443,0.0
14914,05133300033449,0.0
14915,05143305033450,-0.0
14916,05153304033451,0.0
14917,05163305033452,-0.0
14918,05173300033453,0.0
14919,05183300033454,0.0
14920,05193305033455,-0.0
14921,05203304033456,0.0
14890,04733305033414,-0.0
14891,04793300033415,-0.0
14892,04803305033416,-0.0
14893,04813305033417,0.0
14926,05273305033464,-0.0
14927,05283304033465,0.0
14928,05303305033467,-0.0
14929,05323305033468,-0.0
14930,05433300033479,-0.0
14931,05443300033480,-0.0
14932,05453300033481,-0.0
14933,05463305033482,-0.0
14934,05503300033486,-0.0
14935,05533305033489,0.0
14936,05543304033490,-0.0
14937,05553305033491,-0.0
14906,04993305033435,-0.0
14907,05003305033436,0.0
14908,05013300033437,-0.0
14909,05023305033438,-0.0
14942,05613304033497,-0.0
14943,05673300033503,0.0
14944,05683300033504,-0.0
14945,05693300033505,-0.0
14946,05703300033506,0.0
14947,05713300033507,0.0
14948,05723300033508,0.0
14949,05733300033509,0.0
14950,05743300033510,-0.0
14951,05753300033511,-0.0
14952,05763300033512,0.0
14953,05793300033515,0.0
14922,05213305033457,-0.0
14923,05223304033458,0.0
14924,05253305033461,-0.0
14925,05313300033462,-0.0
14958,05873300033523,-0.0
14959,05883300033524,-0.0
14960,05893300033525,-0.0
14961,05903300033526,-0.0
14962,05923303033528,-0.0
14963,05933303033529,0.0
14964,05943300033530,-0.0
14965,05953300033531,-0.0
14966,05963305033532,-0.0
14967,06063300033542,-0.0
14968,06073300033543,0.0
14969,06123300033548,0.0
14938,05563300033492,-0.0
14939,05573304033494,-0.0
14940,05593305033495,-0.0
14941,05603304033496,-0.0
14974,06213300033557,0.0
14975,06223300033558,0.0
14976,06233300033559,0.0
14977,06243300033560,0.0
14978,06253300033561,0.0
14979,06263300033562,0.0
14980,06273300033563,0.0
14981,06283300033564,0.0
14982,06293300033565,0.0
14983,06303300033566,0.0
14984,06313300033567,0.0
14985,06323300033568,0.0
14954,05813305033517,-0.0
14955,05823304033518,0.0
14956,05833300033520,0.0
14957,05843300033521,0.0
14990,06383300033574,0.0
14991,06393300033575,0.0
14992,06403300033576,0.0
14993,06413300033577,0.0
14994,06423304033578,-0.0
14995,06443304033580,0.0
14996,06463304033582,-0.0
14997,06533304033589,0.0
14998,06543301033590,-0.0
14999,06553301033591,-0.0
15000,06563301033592,-0.0
15001,06573300033593,0.0
14970,06173300033553,0.0
14971,06183300033554,0.0
14972,06193300033555,0.0
14973,06203300033556,0.0
15006,06873300033623,0.0
15007,06883300033624,0.0
15008,06903305033626,-0.0
15009,06913304033627,0.0
15010,06953300033631,0.0
15011,06973300033633,-0.0
15012,06993304033635,-0.0
15013,07003304033636,0.0
15014,07013300033637,-0.0
15015,07023300033638,-0.0
15016,07043300033640,-0.0
15017,07053300033641,-0.0
14986,06333300033569,0.0
14987,06353300033571,0.0
14988,06363300033572,0.0
14989,06373300033573,0.0
15022,07123304033648,-0.0
15023,07133304033649,-0.0
15024,07143300033650,0.0
15025,07153300033651,-0.0
15026,07163300033652,0.0
15027,07173300033653,-0.0
15028,07183300033654,-0.0
15029,07193300033655,-0.0
15030,07203300033656,-0.0
15031,07213300033657,-0.0
15032,07223300033658,-0.0
15033,07233300033659,-0.0
15002,06583300033594,-0.0
15003,06683304033604,-0.0
15004,06773300033613,0.0
15005,06863300033622,0.0
15038,07303304033666,-0.0
15039,07313304033667,-0.0
15040,07333304033669,-0.0
15041,07343304033670,0.0
15042,07353304033671,0.0
15043,07363300033672,0.0
15044,07373300033673,-0.0
15045,07383303033674,-0.0
15046,07393303033675,0.0
15047,07403300033676,0.0
15048,07413301033677,-0.0
15049,07423301033678,-0.0
15018,07073300033643,-0.0
15019,07083300033644,-0.0
15020,07093300033645,-0.0
15021,07103300033646,-0.0
15054,07473300033683,0.0
15055,07513300033687,0.0
15056,07533300033689,0.0
15057,07553301033691,0.0
15058,07563301033692,0.0
15059,07573301033693,0.0
15060,07583301033694,0.0
15061,07593301033695,0.0
15062,07603301033696,0.0
15063,07613301033697,0.0
15064,07623301033698,0.0
15065,07633301033699,0.0
15034,07253300033661,-0.0
15035,07263300033662,0.0
15036,07273304033663,0.0
15037,07283304033664,0.0
15070,08373305033764,-0.0
15071,08383301033765,-0.0
15072,07693300033766,-0.0
15073,07703305033767,-0.0
15074,07723305033769,-0.0
15075,08693305033805,0.0
15076,08703305033806,0.0
15077,08713304033807,0.0
15078,08723305033808,-0.0
15079,08733305033809,0.0
15080,08743304033810,-0.0
15081,08753305033811,0.0
15050,07433300033679,-0.0
15051,07443300033680,0.0
15052,07453300033681,0.0
15053,07463300033682,0.0
15086,08833304033819,-0.0
15087,08843304033820,0.0
15088,08853304033821,-0.0
15089,08863304033822,0.0
15090,08873304033823,-0.0
15091,08883304033824,0.0
15092,08893304033825,-0.0
15093,08903301033826,0.0
15094,08913301033827,0.0
15095,08933301033829,0.0
15096,08943301033830,0.0
15097,08953300033831,-0.0
15066,07803305033707,0.0
15067,08153305033742,-0.0
15068,08283305033755,-0.0
15069,08363300033763,-0.0
15102,09043300033840,-0.0
15103,09063305033842,0.0
15104,09083300033844,0.0
15105,09093305033845,0.0
15106,09113300033847,0.0
15107,09123300033848,-0.0
15108,09133300033849,-0.0
15109,09333300033853,0.0
15110,09353300033855,0.0
15111,09363305033856,0.0
15112,09373305033857,0.0
15113,09413300033861,-0.0
15082,08763305033812,-0.0
15083,08803300033816,0.0
15084,08813304033817,0.0
15085,08823304033818,0.0
15118,09463300033866,0.0
15119,09473300033867,-0.0
15120,09503300033870,-0.0
15121,09513300033871,-0.0
15122,09523300033872,-0.0
15123,09563300033876,-0.0
15124,09633305033883,-0.0
15125,09643300033884,-0.0
15126,09653305033885,-0.0
15127,09663305033886,-0.0
15128,09673301033887,-0.0
15129,09173304033889,0.0
15098,08963301033832,0.0
15099,08983301033834,0.0
15100,09023300033838,-0.0
15101,09033300033839,0.0
15134,09733300033900,0.0
15135,09743300033901,0.0
15136,09753300033904,0.0
15137,09763301033905,0.0
15138,09773300033906,0.0
15139,09783301033907,0.0
15140,09793300033908,0.0
15141,09803301033909,0.0
15142,09833300033910,0.0
15143,09843300033911,0.0
15144,09863300033913,0.0
15145,09893300033916,-0.0
15114,09423300033862,-0.0
15115,09433300033863,-0.0
15116,09443300033864,0.0
15117,09453300033865,-0.0
15150,09943301033921,-0.0
15151,10003300033927,0.0
15152,10013300033928,0.0
15153,10023300033929,0.0
15154,10033300033930,-0.0
15155,10043300033931,-0.0
15156,10053300033932,0.0
15157,10063300033933,0.0
15158,10073300033934,-0.0
15159,10083300033935,-0.0
15160,10113300033938,-0.0
15161,10123300033939,-0.0
15130,09693300033896,0.0
15131,09703300033897,-0.0
15132,09713300033898,0.0
15133,09723300033899,0.0
15166,10173300033944,-0.0
15167,10183301033945,-0.0
15168,10193300033946,-0.0
15169,10203300033947,-0.0
15170,10213300033948,0.0
15171,10223300033949,-0.0
15172,10243300033951,0.0
15173,10263300033953,-0.0
15174,10273301033954,-0.0
15175,10283300033955,0.0
15176,10293301033956,-0.0
15177,10303300033957,-0.0
15146,09903301033917,-0.0
15147,09913300033918,-0.0
15148,09923301033919,-0.0
15149,09933300033920,0.0
15182,10373301033964,-0.0
15183,10383300033965,-0.0
15184,10393301033966,-0.0
15185,10433300033970,-0.0
15186,10443300033971,-0.0
15187,10453300033972,-0.0
15188,10463300033973,-0.0
15189,10473300033974,-0.0
15190,10483300033975,-0.0
15191,10503300033977,-0.0
15192,09313305033986,-0.0
15193,09323305033987,0.0
15162,10133300033940,-0.0
15163,10143301033941,-0.0
15164,10153300033942,-0.0
15165,10163301033943,-0.0
15198,10873305034023,0.0
15199,10883300034024,-0.0
15200,10893300034025,0.0
15201,10903300034026,-0.0
15202,10923302034028,0.0
15203,10943302034030,0.0
15204,10953300034031,-0.0
15205,10973305034033,-0.0
15206,10983305034034,0.0
15207,11023301034038,-0.0
15208,11033301034039,0.0
15209,11043301034040,-0.0
15178,10313301033958,-0.0
15179,10323300033959,-0.0
15180,10353301033962,-0.0
15181,10363300033963,0.0
15214,11443300034080,-0.0
15215,11453300034081,-0.0
15216,11463300034082,0.0
15217,11473300034083,0.0
15218,11483305034084,0.0
15219,11503301034086,0.0
15220,11513301034087,-0.0
15221,11523300034088,0.0
15222,11533300034089,-0.0
15223,11543300034090,-0.0
15224,11553300034091,0.0
15225,11563300034092,0.0
15194,10603300033993,-0.0
15195,10613300033994,-0.0
15196,10623300033995,0.0
15197,10633300033996,-0.0
15230,11683300034104,0.0
15231,11693305034105,-0.0
15232,11743300034110,-0.0
15233,11763300034112,-0.0
15234,11773300034113,0.0
15235,11783300034114,0.0
15236,11823301034118,0.0
15237,11833300034119,0.0
15238,11843300034120,-0.0
15239,11873300034123,-0.0
15240,11883300034124,-0.0
15241,11893300034125,-0.0
15210,11053301034041,0.0
15211,11123300034048,-0.0
15212,11243300034060,0.0
15213,11433300034079,0.0
15246,11983300034134,-0.0
15247,12013301034137,0.0
15248,12063300034142,-0.0
15249,12073300034143,0.0
15250,12083301034144,-0.0
15251,12093300034145,0.0
15252,12103300034146,0.0
15253,12113300034147,-0.0
15254,12183300034154,0.0
15255,12193302034155,0.0
15256,12223305034158,-0.0
15257,12233305034159,0.0
15226,11593300034095,-0.0
15227,11603304034096,0.0
15228,11653300034101,0.0
15229,11663300034102,-0.0
15262,12313300034167,-0.0
15263,12333305034169,-0.0
15264,12343304034170,0.0
15265,12353302034171,-0.0
15266,12363300034172,0.0
15267,12373300034173,0.0
15268,12383300034174,0.0
15269,12403300034176,0.0
15270,12423300034178,-0.0
15271,12433300034179,0.0
15272,12443300034180,-0.0
15273,12453300034181,-0.0
15242,11903300034126,0.0
15243,11933301034129,0.0
15244,11943300034130,0.0
15245,11963300034132,0.0
15277,12583300034194,-0.0
15278,12603300034196,-0.0
15279,12673300034203,-0.0
15280,12683305034204,-0.0
15282,12713300034207,-0.0
15283,12723304034208,-0.0
15284,12753300034211,-0.0
15285,12763300034212,-0.0
15286,12773300034213,0.0
15287,12783300034214,0.0
15288,12793300034215,0.0
15289,12803300034216,0.0
15258,12273300034163,0.0
15259,12283300034164,0.0
15260,12293305034165,-0.0
15261,12303305034166,-0.0
15293,12843300034220,0.0
15294,12853300034221,0.0
15295,12863300034222,0.0
15296,12873300034223,0.0
15297,12883300034224,0.0
15298,12903300034226,0.0
15299,12913305034227,-0.0
15300,12923305034228,-0.0
15301,12933304034229,0.0
15302,12963300034232,-0.0
15303,12983305034234,-0.0
15304,12993300034235,0.0
15305,13003300034236,-0.0
15274,12463300034182,-0.0
15275,12473300034183,-0.0
15276,12513300034187,-0.0
15309,13323304034268,0.0
15310,13333300034269,0.0
15311,13343304034270,0.0
15312,13353304034271,0.0
15313,13363300034272,0.0
15314,13373300034273,0.0
15315,13393305034275,-0.0
15316,13413305034277,-0.0
15317,13433300034279,-0.0
15318,13443300034280,-0.0
15319,13623300034298,0.0
15320,13633300034299,0.0
15321,13643300034300,0.0
15290,12813300034217,0.0
15291,12823300034218,0.0
15292,12833300034219,0.0
15325,13683300034304,0.0
15326,13693300034305,0.0
15327,13713300034307,0.0
15328,13743300034310,-0.0
15329,13763300034312,-0.0
15330,13773300034313,-0.0
15331,13783300034314,-0.0
15332,13793300034315,-0.0
15333,13803300034316,-0.0
15334,13813300034317,0.0
15335,13843300034320,-0.0
15336,13853300034321,-0.0
15337,13883300034324,-0.0
15306,13013305034237,-0.0
15307,13093300034245,-0.0
15308,13293300034265,0.0
15341,13933300034329,-0.0
15342,13983301034334,-0.0
15343,13993300034335,-0.0
15344,14003300034336,0.0
15345,14073300034343,-0.0
15346,14093300034345,0.0
15347,14103300034346,0.0
15348,14113300034347,0.0
15349,14123300034348,0.0
15350,14133300034349,0.0
15351,14143300034350,0.0
15352,14163300034352,-0.0
15353,14173300034353,-0.0
15322,13653300034301,0.0
15323,13663300034302,0.0
15324,13673300034303,0.0
15357,00273405034394,-0.0
15358,00283400034395,-0.0
15359,00293405034396,-0.0
15360,00303400034397,-0.0
15361,00313405034398,-0.0
15362,00323400034399,-0.0
15363,00333404034400,-0.0
15364,00343400034401,0.0
15365,00353405034402,-0.0
15366,00373405034404,-0.0
15367,00383400034405,0.0
15368,00393404034406,0.0
15369,00403400034407,-0.0
15338,13893300034325,-0.0
15339,13903300034326,-0.0
15340,13923300034328,-0.0
15373,00483400034415,0.0
15374,00503401034417,0.0
15375,00553401034422,0.0
15376,00563400034423,-0.0
15377,00573400034424,-0.0
15378,00583400034425,0.0
15379,00603400034427,0.0
15380,00613404034428,0.0
15381,00623400034429,0.0
15382,00633400034430,0.0
15383,00643400034431,0.0
15384,00663405034433,0.0
15385,00673404034434,0.0
15354,14203303034356,-0.0
15355,14313300034367,-0.0
15356,00253405034392,-0.0
15389,00753400034442,0.0
15390,00763404034443,0.0
15391,00813404034448,-0.0
15392,00823400034449,0.0
15393,00833404034450,0.0
15394,00843404034451,0.0
15395,00853400034453,-0.0
15396,00883403034456,0.0
15397,01083400034476,-0.0
15398,01093400034477,-0.0
15399,01103400034478,-0.0
15400,01123401034480,0.0
15401,01453400034493,0.0
15370,00413400034408,0.0
15371,00423404034409,0.0
15372,00473405034414,-0.0
15405,01503404034498,0.0
15406,01513404034499,0.0
15407,01523404034500,0.0
15408,01553404034503,0.0
15409,01563400034504,-0.0
15410,01573400034505,-0.0
15411,01583400034506,0.0
15412,01603400034508,-0.0
15413,01613404034509,0.0
15414,01653400034513,-0.0
15415,01663405034514,-0.0
15416,01673404034515,0.0
15417,01713405034519,-0.0
15386,00693405034436,-0.0
15387,00723400034439,-0.0
15388,00733400034440,-0.0
15421,02203405034568,-0.0
15422,02213400034569,-0.0
15423,02223400034570,-0.0
15424,02243400034572,-0.0
15425,02253405034573,-0.0
15426,02333400034581,-0.0
15427,02343400034582,-0.0
15428,02373405034585,-0.0
15429,02423400034590,0.0
15430,02443400034592,0.0
15431,02463400034594,-0.0
15432,02473400034595,-0.0
15433,02483400034596,-0.0
15402,01463404034494,0.0
15403,01473404034495,0.0
15404,01493404034497,0.0
15437,02843400034652,-0.0
15438,02853400034653,-0.0
15439,02863400034654,-0.0
15440,02873400034655,0.0
15441,02903401034657,-0.0
15442,02893405034661,-0.0
15443,03073400034674,-0.0
15444,03063400034675,-0.0
15445,03083400034676,-0.0
15446,03093400034677,-0.0
15447,03103400034678,-0.0
15448,03113400034679,0.0
15449,03123400034680,-0.0
15418,01723405034520,-0.0
15419,02173400034565,0.0
15420,02193405034567,-0.0
15453,03533400034721,-0.0
15454,03543400034722,0.0
15455,03553400034723,-0.0
15456,03563400034724,0.0
15457,03573400034725,0.0
15458,03583400034726,0.0
15459,03593400034727,0.0
15460,03603400034728,-0.0
15461,03613400034729,-0.0
15462,03623400034730,-0.0
15463,03633400034731,-0.0
15464,03643400034732,-0.0
15465,03653400034733,0.0
15434,02503400034598,0.0
15435,02773404034645,-0.0
15436,02793405034647,-0.0
15469,03723400034740,0.0
15470,03733400034741,0.0
15471,03743400034742,0.0
15472,03763400034744,0.0
15473,03823400034750,0.0
15474,03833405034751,-0.0
15475,03843405034752,-0.0
15476,03873400034755,-0.0
15477,03883405034757,-0.0
15478,03903405034758,-0.0
15479,03913404034759,-0.0
15480,03923405034760,-0.0
15481,03933400034761,-0.0
15450,03133400034681,-0.0
15451,03513400034719,-0.0
15452,03523400034720,-0.0
15485,04113401034778,-0.0
15486,04133404034780,0.0
15487,04053404034781,-0.0
15488,04143400034782,0.0
15489,04163405034784,-0.0
15490,04173404034785,-0.0
15491,04333400034801,-0.0
15492,04343400034802,-0.0
15493,04353401034803,0.0
15494,04363401034804,0.0
15495,04383400034806,0.0
15496,04463400034814,-0.0
15497,04473404034815,-0.0
15466,03663400034734,0.0
15467,03693400034737,0.0
15468,03713400034739,0.0
15501,04533404034821,-0.0
15502,04543405034822,-0.0
15503,04553405034823,-0.0
15504,04573405034825,-0.0
15505,04583404034826,-0.0
15506,04603405034828,-0.0
15507,04623405034830,-0.0
15508,04633405034831,-0.0
15509,04763405034834,-0.0
15510,04773404034835,-0.0
15511,04643405034837,-0.0
15512,04653404034838,-0.0
15513,04673405034840,-0.0
15482,03943405034762,-0.0
15483,03953404034763,-0.0
15484,04103400034777,-0.0
15517,04723405034845,-0.0
15518,04733405034846,-0.0
15519,04793400034847,0.0
15520,04803405034848,-0.0
15521,04813405034849,-0.0
15522,04823405034850,-0.0
15523,04833400034851,-0.0
15524,04843400034852,-0.0
15525,04853400034853,-0.0
15526,04863400034854,0.0
15527,04883400034856,-0.0
15528,04903400034858,-0.0
15529,04943400034862,0.0
15498,04483400034816,-0.0
15499,04503400034818,-0.0
15500,04523405034820,-0.0
15533,05003405034868,-0.0
15534,05013400034869,-0.0
15535,05023405034870,-0.0
15536,05033404034871,-0.0
15537,05063405034874,-0.0
15538,05073404034875,-0.0
15539,05133400034881,0.0
15540,05143405034882,-0.0
15541,05153404034883,-0.0
15542,05163405034884,-0.0
15543,05193405034887,-0.0
15544,05203404034888,-0.0
15545,05213405034889,-0.0
15514,04693404034842,-0.0
15515,04703405034843,-0.0
15516,04713404034844,-0.0
15549,05273405034896,-0.0
15550,05283404034897,-0.0
15551,05303405034899,-0.0
15552,05323405034900,-0.0
15553,05433400034911,0.0
15554,05443400034912,0.0
15555,05453400034913,-0.0
15556,05463405034914,-0.0
15557,05503400034918,0.0
15558,05523400034920,-0.0
15559,05533405034921,-0.0
15560,05563400034924,-0.0
15561,05573404034926,-0.0
15530,04953405034863,-0.0
15531,04973400034865,0.0
15532,04993405034867,-0.0
15565,05633401034931,0.0
15566,05663400034934,-0.0
15567,05743400034942,-0.0
15568,05793400034947,0.0
15569,05813405034949,-0.0
15570,05823404034950,-0.0
15571,05873400034955,0.0
15572,05893400034957,0.0
15573,05923403034960,-0.0
15574,05933403034961,0.0
15575,05943400034962,0.0
15576,05953400034963,0.0
15577,05963405034964,-0.0
15546,05223404034890,-0.0
15547,05253405034893,0.0
15548,05313400034894,0.0
15581,06063400034974,-0.0
15582,06093400034977,0.0
15583,06103400034978,-0.0
15584,06113400034979,-0.0
15585,06123400034980,-0.0
15586,06233400034991,-0.0
15587,06243400034992,-0.0
15588,06253400034993,-0.0
15589,06263400034994,0.0
15590,06273400034995,0.0
15591,06283400034996,0.0
15592,06293400034997,-0.0
15593,06303400034998,-0.0
15562,05593405034927,-0.0
15563,05603404034928,-0.0
15564,05613404034929,-0.0
15597,06343400035002,0.0
15598,06353400035003,-0.0
15599,06363400035004,-0.0
15600,06373400035005,0.0
15601,06383400035006,0.0
15602,06403400035008,0.0
15603,06413400035009,-0.0
15604,06423404035010,-0.0
15605,06443404035012,0.0
15606,06463404035014,0.0
15607,06533404035021,0.0
15608,06543401035022,-0.0
15609,06553401035023,-0.0
15578,06033400034971,0.0
15579,06043400034972,-0.0
15580,06053400034973,0.0
15613,06683404035036,0.0
15614,06773400035045,-0.0
15615,06813402035049,0.0
15616,06863400035054,0.0
15617,06873400035055,0.0
15618,06883400035056,0.0
15619,06903405035058,-0.0
15620,06913404035059,-0.0
15621,06933400035061,-0.0
15622,06943405035062,-0.0
15623,06953400035063,0.0
15624,06973400035065,-0.0
15625,06983400035066,-0.0
15594,06313400034999,-0.0
15595,06323400035000,-0.0
15596,06333400035001,-0.0
15629,07023400035070,-0.0
15630,07033400035071,0.0
15631,07043400035072,-0.0
15632,07053400035073,0.0
15633,07063400035074,-0.0
15634,07083400035076,-0.0
15635,07093400035077,0.0
15636,07103400035078,-0.0
15637,07123404035080,-0.0
15638,07133404035081,-0.0
15639,07143400035082,-0.0
15640,07153400035083,0.0
15641,07163400035084,0.0
15610,06563401035024,-0.0
15611,06573400035025,-0.0
15612,06583400035026,0.0
15645,07213400035089,-0.0
15646,07223400035090,-0.0
15647,07233400035091,-0.0
15648,07253400035093,-0.0
15649,07263400035094,0.0
15650,07273404035095,0.0
15651,07283404035096,0.0
15652,07293404035097,-0.0
15653,07303404035098,-0.0
15654,07323404035100,-0.0
15655,07333404035101,-0.0
15656,07343404035102,0.0
15657,07353404035103,0.0
15626,06993404035067,-0.0
15627,07003404035068,-0.0
15628,07013400035069,-0.0
15661,07403400035108,0.0
15662,07413401035109,-0.0
15663,07423401035110,-0.0
15664,07443400035112,0.0
15665,07453400035113,0.0
15666,07463400035114,0.0
15667,07473400035115,0.0
15668,07553401035123,0.0
15669,07563401035124,0.0
15670,07573401035125,0.0
15671,07583401035126,0.0
15672,07593401035127,0.0
15673,07603401035128,0.0
15642,07173400035085,-0.0
15643,07183400035086,-0.0
15644,07193400035087,-0.0
15676,07633401035131,0.0
15677,07683400035136,0.0
15679,08363400035195,-0.0
15680,08373405035196,-0.0
15681,08383401035197,0.0
15682,07693400035198,-0.0
15683,07703405035199,-0.0
15684,07723405035201,-0.0
15685,08693405035237,-0.0
15686,08703405035238,-0.0
15687,08713404035239,-0.0
15688,08723405035240,-0.0
15689,08753405035243,-0.0
15658,07363400035104,0.0
15659,07373400035105,0.0
15660,07393403035107,0.0
15692,08813404035249,0.0
15693,08823404035250,0.0
25677,14110700058684,-0.0
15695,08843404035252,0.0
15696,08863404035254,0.0
15697,08873404035255,-0.0
15698,08883404035256,0.0
15699,08893404035257,0.0
15700,08903401035258,0.0
15701,08913401035259,0.0
15702,08923401035260,0.0
15703,08933401035261,0.0
15704,08943401035262,0.0
15705,08953400035263,-0.0
15674,07613401035129,0.0
15675,07623401035130,0.0
15708,09003405035268,-0.0
15709,09013404035269,-0.0
15710,09023400035270,0.0
15711,09033400035271,-0.0
15712,09043400035272,-0.0
15713,09063405035274,0.0
15714,09113400035279,0.0
15715,09123400035280,-0.0
15716,09133400035281,-0.0
15717,09333400035285,-0.0
15718,09343400035286,0.0
15719,09353400035287,-0.0
15720,09363405035288,0.0
15721,09373405035289,0.0
15690,08763405035244,-0.0
15691,08803400035248,0.0
15724,09463400035298,0.0
15725,09503400035302,-0.0
15726,09513400035303,-0.0
15727,09523400035304,-0.0
15728,09563400035308,0.0
15729,09633405035315,0.0
15730,09643400035316,0.0
15731,09653405035317,-0.0
15732,09673401035319,-0.0
15733,09173404035321,-0.0
15734,09693400035328,-0.0
15735,09703400035329,-0.0
15736,09713400035330,-0.0
15737,09733400035332,-0.0
15706,08963401035264,0.0
15707,08983401035266,0.0
15740,09823400035335,0.0
15741,09753400035336,0.0
15742,09763401035337,0.0
15743,09773400035338,0.0
15744,09783401035339,0.0
15745,09793400035340,0.0
15746,09803401035341,0.0
15747,09833400035342,0.0
15748,09843400035343,0.0
15749,09853400035344,0.0
15750,09863400035345,0.0
15751,09873400035346,-0.0
15752,09883400035347,-0.0
15753,09893400035348,-0.0
15722,09443400035296,-0.0
15723,09453400035297,-0.0
15756,09923401035351,-0.0
15757,09933400035352,-0.0
15758,09943401035353,-0.0
15759,09953400035354,0.0
15760,09963400035355,0.0
15761,09973400035356,0.0
15762,09983400035357,0.0
15763,09993400035358,0.0
15764,10003400035359,0.0
15765,10013400035360,0.0
15766,10023400035361,0.0
15767,10043400035363,-0.0
15768,10053400035364,-0.0
15769,10073400035366,-0.0
15738,09743400035333,0.0
15739,09813400035334,0.0
15772,10103400035369,-0.0
15773,10113400035370,-0.0
15774,10123400035371,-0.0
15775,10133400035372,-0.0
15776,10143401035373,-0.0
15777,10153400035374,-0.0
15778,10163401035375,-0.0
15779,10173400035376,-0.0
15780,10183401035377,-0.0
15781,10193400035378,-0.0
15782,10203400035379,-0.0
15783,10213400035380,0.0
15784,10223400035381,-0.0
15785,10233400035382,0.0
15754,09903401035349,-0.0
15755,09913400035350,-0.0
15788,10263400035385,-0.0
15789,10273401035386,-0.0
15790,10283400035387,0.0
15791,10293401035388,-0.0
15792,10303400035389,-0.0
15793,10313401035390,-0.0
15794,10323400035391,-0.0
15795,10353401035394,-0.0
15796,10363400035395,0.0
15797,10373401035396,-0.0
15798,10383400035397,-0.0
15799,10393401035398,-0.0
15800,10403405035399,-0.0
15801,09313405035418,0.0
15770,10083400035367,-0.0
15771,10093400035368,0.0
15804,10613400035426,-0.0
15805,10623400035427,-0.0
15806,10633400035428,-0.0
15807,10883400035456,0.0
15808,10893400035457,0.0
15809,10903400035458,0.0
15810,10973405035465,0.0
15811,10983405035466,0.0
15812,11003402035468,0.0
15813,11023401035470,-0.0
15814,11033401035471,0.0
15815,11043401035472,-0.0
15816,11053401035473,0.0
15817,11243400035492,0.0
15786,10243400035383,-0.0
15787,10253400035384,-0.0
15820,11453400035513,-0.0
15821,11463400035514,-0.0
15822,11473400035515,-0.0
15823,11483405035516,0.0
15824,11503401035518,0.0
15825,11513401035519,0.0
15826,11523400035520,0.0
15827,11533400035521,-0.0
15828,11573400035525,0.0
15829,11593400035527,0.0
15830,11603404035528,0.0
15831,11613404035529,0.0
15832,11683400035536,-0.0
15833,11693405035537,-0.0
15802,09323405035419,0.0
15803,10603400035425,-0.0
15836,11733400035541,0.0
15837,11753400035543,0.0
15838,11763400035544,0.0
15839,11783400035546,0.0
15840,11823401035550,-0.0
15841,11833400035551,-0.0
15842,11873400035555,-0.0
15843,11883400035556,-0.0
15844,11893400035557,-0.0
15845,11903400035558,-0.0
15846,11923401035560,-0.0
15847,11933401035561,-0.0
15848,11943400035562,-0.0
15849,11963400035564,-0.0
15818,11433400035511,-0.0
15819,11443400035512,-0.0
15852,12013401035569,-0.0
15853,12023400035570,-0.0
15854,12043400035572,0.0
15855,12063400035574,-0.0
15856,12073400035575,-0.0
15857,12083401035576,-0.0
15858,12093400035577,-0.0
15859,12103400035578,-0.0
15860,12113400035579,-0.0
15861,12153402035583,-0.0
15862,12223405035590,0.0
15863,12233405035591,0.0
15864,12263400035594,0.0
15865,12273400035595,0.0
15834,11703400035538,0.0
15835,11713400035539,-0.0
15868,12303405035598,-0.0
15869,12313400035599,-0.0
15870,12333405035601,-0.0
15871,12343404035602,-0.0
15872,12363400035604,0.0
15873,12373400035605,0.0
15874,12383400035606,0.0
15875,12393400035607,0.0
15876,12403400035608,0.0
15877,12413400035609,0.0
15878,12433400035611,-0.0
15879,12443400035612,0.0
15880,12453400035613,-0.0
15881,12473400035615,-0.0
15850,11983400035566,-0.0
15851,11993400035567,-0.0
15884,12583400035626,-0.0
15885,12603400035628,-0.0
15886,12643405035632,-0.0
15887,12653400035633,-0.0
15888,12673400035635,-0.0
15889,12683405035636,-0.0
15890,12693400035637,0.0
15891,12703400035638,0.0
15892,12713400035639,0.0
15893,12723404035640,-0.0
15894,12753400035643,-0.0
15895,12763400035644,-0.0
15896,12773400035645,0.0
15897,12783400035646,0.0
15866,12283400035596,0.0
15867,12293405035597,-0.0
15900,12813400035649,0.0
25656,04860700058658,-0.0
15902,12833400035651,0.0
15903,12843400035652,0.0
15904,12853400035653,0.0
15905,12863400035654,0.0
15906,12873400035655,0.0
25655,04850700058657,-0.0
15908,12903400035658,-0.0
15909,12913405035659,-0.0
15910,12923405035660,0.0
15911,12933404035661,0.0
15912,12963400035664,0.0
15913,12983405035666,0.0
15882,12513400035619,0.0
15883,12523404035620,-0.0
15916,13013405035669,-0.0
15917,13023400035670,0.0
15918,13093400035677,-0.0
15919,13273400035695,0.0
15920,13283400035696,0.0
15921,13293400035697,0.0
15922,13323404035700,0.0
15923,13333400035701,0.0
15924,13343404035702,0.0
15925,13353404035703,0.0
15926,13363400035704,0.0
15927,13373400035705,-0.0
15928,13393405035707,0.0
15929,13403405035708,0.0
15898,12793400035647,0.0
25654,04840700058656,0.0
15932,13443400035712,-0.0
15933,13623400035730,-0.0
15934,13633400035731,0.0
15935,13643400035732,-0.0
15936,13653400035733,0.0
15937,13663400035734,0.0
15938,13673400035735,0.0
15939,13683400035736,-0.0
15940,13693400035737,0.0
15941,13733400035741,-0.0
15942,13753400035743,-0.0
15943,13763400035744,-0.0
15944,13773400035745,-0.0
15945,13783400035746,-0.0
15914,12993400035667,-0.0
15915,13003400035668,-0.0
15948,13813400035749,-0.0
15949,13823400035750,-0.0
15950,13833400035751,-0.0
15951,13843400035752,-0.0
15952,13853400035753,-0.0
15953,13863400035754,-0.0
15954,13873400035755,-0.0
15955,13883400035756,-0.0
15956,13893400035757,-0.0
15957,13903400035758,-0.0
15958,13913400035759,-0.0
15959,13923400035760,-0.0
15960,13933400035761,-0.0
15961,13983401035766,-0.0
15930,13413405035709,0.0
15931,13433400035711,-0.0
15964,14063400035774,-0.0
15965,14083400035776,-0.0
15966,14093400035777,0.0
15967,14113400035779,-0.0
15968,14123400035780,0.0
15969,14133400035781,0.0
15970,14143400035782,0.0
15971,14153400035783,-0.0
15972,14163400035784,-0.0
15973,14173400035785,-0.0
15974,14203403035788,0.0
15975,14313400035799,-0.0
15976,00073700035806,-0.0
15977,00323700035831,0.0
15946,13793400035747,-0.0
15947,13803400035748,0.0
15980,00353705035834,-0.0
15981,00363700035835,-0.0
15982,00373705035836,-0.0
15983,00393704035838,0.0
15984,00403700035839,0.0
15985,00413700035840,-0.0
15986,00423704035841,-0.0
15987,00463700035845,0.0
15988,00473705035846,0.0
15989,00483700035847,0.0
15990,00503701035849,-0.0
15991,00513700035850,0.0
15992,00563700035855,0.0
15993,00573700035856,0.0
15962,13993400035767,0.0
15963,14003400035768,0.0
15996,00643700035863,0.0
15997,00663705035865,0.0
15998,00673704035866,0.0
15999,00693705035868,-0.0
16000,00723700035871,-0.0
16001,00733700035872,0.0
16002,00743700035873,0.0
16003,00753700035874,-0.0
16004,00763704035875,-0.0
16005,00813704035880,0.0
16006,00833704035882,-0.0
16007,00853700035885,0.0
16008,00863705035886,0.0
16009,00873703035887,-0.0
15978,00333704035832,-0.0
15979,00343700035833,0.0
16012,01103700035910,0.0
16013,01123701035912,-0.0
16014,01153700035915,0.0
16015,01163700035916,0.0
16016,01173700035917,0.0
16017,01193700035919,-0.0
16018,01203705035920,-0.0
16019,01213700035921,-0.0
16020,01443704035924,0.0
16021,01453700035925,0.0
16022,01463704035926,0.0
16023,01473704035927,0.0
16024,01483704035928,0.0
16025,01493704035929,-0.0
15994,00583700035857,0.0
15995,00633700035862,0.0
16028,01523704035932,-0.0
16029,01533704035933,0.0
16030,01543704035934,0.0
16031,01553704035935,0.0
16032,01563700035936,0.0
16033,01573700035937,-0.0
16034,01583700035938,0.0
16035,01593700035939,-0.0
16036,01603700035940,-0.0
16037,01613704035941,0.0
16038,01653700035945,0.0
16039,01663705035946,0.0
16040,01683704035948,0.0
16041,01713705035951,-0.0
16010,01083700035908,0.0
16011,01093700035909,0.0
16044,02063705035986,0.0
16045,02113700035991,-0.0
16046,02143700035994,0.0
16047,02193705035999,-0.0
16048,02203705036000,-0.0
16049,02213700036001,0.0
16050,02223700036002,0.0
16051,02253705036005,0.0
16052,02333700036013,0.0
16053,02343700036014,0.0
16054,02373705036017,-0.0
16055,02393700036019,-0.0
16056,02423700036022,0.0
16057,02433700036023,0.0
16026,01503704035930,-0.0
16027,01513704035931,0.0
16060,02463700036026,-0.0
16061,02473700036027,-0.0
16062,02483700036028,0.0
16063,02493700036029,0.0
16064,02503700036030,0.0
16065,02783700036078,-0.0
16066,02793705036079,0.0
16067,02803700036080,0.0
16068,02833700036083,0.0
16069,02843700036084,-0.0
16070,02853700036085,-0.0
16071,02863700036086,-0.0
16072,02903701036089,0.0
16073,02893705036093,0.0
16042,01723705035952,-0.0
16043,02033700035983,0.0
16076,03053700036105,-0.0
16077,03073700036106,0.0
16078,03063700036107,-0.0
16079,03083700036108,-0.0
16080,03093700036109,-0.0
16081,03103700036110,-0.0
16082,03113700036111,-0.0
16083,03123700036112,-0.0
16084,03133700036113,-0.0
16085,03513700036151,0.0
16086,03523700036152,0.0
16087,03533700036153,0.0
16088,03543700036154,0.0
16089,03553700036155,0.0
16058,02443700036024,0.0
16059,02453700036025,-0.0
16092,03583700036158,0.0
16093,03593700036159,0.0
16094,03603700036160,-0.0
16095,03613700036161,-0.0
16096,03623700036162,-0.0
16097,03633700036163,-0.0
16098,03643700036164,-0.0
16099,03663700036166,-0.0
16100,03673700036167,-0.0
16101,03683700036168,-0.0
16102,03693700036169,0.0
16103,03703700036170,0.0
16104,03713700036171,-0.0
16105,03723700036172,-0.0
16074,03023705036102,0.0
16075,03043700036104,-0.0
16108,03763700036176,0.0
16109,03823700036182,-0.0
16110,03833705036183,-0.0
16111,03843705036184,-0.0
16112,03853704036185,-0.0
16113,03863705036186,-0.0
16114,03873700036187,-0.0
16115,03893700036188,-0.0
16116,03883705036189,-0.0
16117,03903705036190,-0.0
16118,03913704036191,-0.0
16119,03923705036192,0.0
16120,03943705036194,-0.0
16121,03953704036195,-0.0
16090,03563700036156,0.0
16091,03573700036157,0.0
16124,04043700036204,-0.0
16125,04123700036211,0.0
16126,04133704036212,0.0
16127,04053704036213,-0.0
16128,04163705036216,-0.0
16129,04173704036217,-0.0
16130,04333700036233,-0.0
16131,04343700036234,-0.0
16132,04363701036236,-0.0
16133,04393704036239,0.0
16134,04443700036244,0.0
16135,04463700036246,-0.0
16136,04473704036247,-0.0
16137,04483700036248,-0.0
16106,03733700036173,-0.0
16107,03743700036174,-0.0
16140,04523705036252,-0.0
16141,04533704036253,-0.0
16142,04543705036254,0.0
16143,04553705036255,0.0
16144,04573705036257,-0.0
16145,04583704036258,-0.0
16146,04603705036260,-0.0
16147,04623705036262,-0.0
16148,04633705036263,-0.0
16149,04743700036264,-0.0
16150,04763705036266,-0.0
16151,04773704036267,-0.0
16152,04783705036268,-0.0
16153,04643705036269,-0.0
16122,04023700036202,0.0
16123,04033700036203,-0.0
16156,04683700036273,0.0
16157,04693704036274,-0.0
16158,04703705036275,-0.0
16159,04713704036276,-0.0
16160,04723705036277,-0.0
16161,04733705036278,-0.0
16162,04803705036280,-0.0
16163,04813705036281,-0.0
16164,04823705036282,-0.0
16165,04833700036283,-0.0
16166,04843700036284,-0.0
16167,04853700036285,-0.0
16168,04863700036286,0.0
16169,04873700036287,-0.0
16138,04503700036250,0.0
16139,04513700036251,-0.0
16172,04903700036290,0.0
16173,04953705036295,-0.0
16174,04973700036297,0.0
16175,04993705036299,0.0
16176,05003705036300,0.0
16177,05023705036302,0.0
16178,05033704036303,0.0
16179,05043700036304,0.0
16180,05063705036306,0.0
16181,05073704036307,-0.0
16182,05143705036314,-0.0
16183,05153704036315,-0.0
16184,05163705036316,-0.0
16185,05173700036317,0.0
16154,04653704036270,-0.0
16155,04673705036272,-0.0
16188,05203704036320,0.0
16189,05213705036321,-0.0
16190,05223704036322,-0.0
16191,05253705036325,0.0
16192,05313700036326,-0.0
16193,05263700036327,-0.0
16194,05273705036328,-0.0
16195,05283704036329,-0.0
16196,05293700036330,-0.0
16197,05303705036331,-0.0
16198,05323705036332,-0.0
16199,05433700036343,-0.0
16200,05443700036344,-0.0
16201,05453700036345,-0.0
16170,04883700036288,-0.0
16171,04893700036289,-0.0
16204,05523700036352,-0.0
16205,05533705036353,0.0
16206,05543704036354,-0.0
16207,05553705036355,-0.0
16208,05563700036356,-0.0
16209,05583700036357,-0.0
16210,05573704036358,-0.0
16211,05593705036359,0.0
16212,05603704036360,-0.0
16213,05613704036361,0.0
16214,05663700036366,0.0
16215,05673700036367,0.0
16216,05683700036368,-0.0
16217,05693700036369,-0.0
16186,05183700036318,0.0
16187,05193705036319,0.0
16220,05723700036372,0.0
16221,05733700036373,0.0
16222,05743700036374,-0.0
16223,05753700036375,-0.0
16224,05763700036376,-0.0
16225,05793700036379,-0.0
16226,05813705036381,-0.0
16227,05823704036382,-0.0
16228,05853700036383,0.0
16229,05873700036387,-0.0
16230,05883700036388,-0.0
16231,05893700036389,-0.0
16232,05903700036390,-0.0
16233,05913703036391,0.0
16202,05463705036346,-0.0
16203,05503700036350,0.0
16236,06073700036407,-0.0
16237,06083700036408,-0.0
16238,06123700036412,-0.0
16239,06173700036417,-0.0
16240,06183700036418,-0.0
16241,06193700036419,-0.0
16242,06203700036420,-0.0
16243,06213700036421,-0.0
16244,06223700036422,-0.0
16245,06233700036423,-0.0
16246,06243700036424,-0.0
16247,06253700036425,-0.0
16248,06263700036426,-0.0
16249,06273700036427,-0.0
16218,05703700036370,-0.0
16219,05713700036371,0.0
16252,06303700036430,-0.0
16253,06313700036431,-0.0
16254,06323700036432,0.0
16255,06333700036433,0.0
16256,06343700036434,-0.0
16257,06353700036435,-0.0
16258,06363700036436,-0.0
16259,06373700036437,-0.0
16260,06383700036438,0.0
16261,06393700036439,0.0
16262,06403700036440,0.0
16263,06413700036441,-0.0
16264,06423704036442,-0.0
16265,06533704036453,-0.0
16234,05963705036396,0.0
16235,06063700036406,-0.0
16268,06563701036456,-0.0
16269,06573700036457,0.0
16270,06583700036458,-0.0
16271,06683704036468,0.0
16272,06773700036477,0.0
16273,06863700036486,0.0
16274,06873700036487,0.0
16275,06883700036488,-0.0
16276,06893700036489,-0.0
16277,06903705036490,-0.0
16278,06913704036491,-0.0
16279,06953700036495,0.0
16280,06973700036497,0.0
16281,06983700036498,0.0
16250,06283700036428,-0.0
16251,06293700036429,-0.0
16284,07013700036501,-0.0
16285,07023700036502,-0.0
16286,07043700036504,-0.0
16287,07053700036505,0.0
16288,07063700036506,-0.0
16289,07073700036507,0.0
16290,07083700036508,-0.0
16291,07103700036510,-0.0
16292,07123704036512,-0.0
16293,07133704036513,0.0
16294,07143700036514,-0.0
16295,07153700036515,0.0
16296,07163700036516,0.0
16297,07173700036517,-0.0
16266,06543701036454,-0.0
16267,06553701036455,-0.0
16300,07203700036520,0.0
16301,07213700036521,-0.0
16302,07223700036522,0.0
16303,07233700036523,-0.0
16304,07253700036525,-0.0
16305,07263700036526,0.0
16306,07273704036527,0.0
16307,07283704036528,0.0
16308,07293704036529,0.0
16309,07303704036530,0.0
16310,07313704036531,-0.0
16311,07323704036532,-0.0
16312,07333704036533,-0.0
16313,07343704036534,0.0
16282,06993704036499,-0.0
16283,07003704036500,-0.0
16316,07373700036537,0.0
16317,07383703036538,0.0
16318,07393703036539,-0.0
16319,07403700036540,0.0
16320,07413701036541,-0.0
16321,07423701036542,-0.0
16322,07433700036543,-0.0
16323,07443700036544,0.0
16324,07453700036545,0.0
16325,07463700036546,0.0
16326,07473700036547,0.0
16327,07513700036551,-0.0
16328,07523700036552,-0.0
16329,07533700036553,-0.0
16298,07183700036518,-0.0
16299,07193700036519,0.0
16332,07573701036557,0.0
16333,07583701036558,0.0
16334,07593701036559,0.0
16335,07603701036560,0.0
16336,07613701036561,0.0
16337,07623701036562,0.0
16338,07633701036563,0.0
16339,07803705036571,-0.0
16340,08143705036605,-0.0
16341,08153705036606,-0.0
16342,08173705036608,-0.0
16343,08283705036619,0.0
16344,08293700036620,0.0
16345,08303705036621,0.0
16314,07353704036535,0.0
16315,07363700036536,0.0
16348,08383701036629,-0.0
16349,07693700036630,-0.0
16350,07703705036631,-0.0
16351,07723705036633,-0.0
16352,08693705036669,0.0
16353,08703705036670,0.0
16354,08713704036671,0.0
16355,08723705036672,0.0
16356,08733705036673,0.0
16357,08743704036674,0.0
16358,08753705036675,-0.0
16359,08763705036676,-0.0
16360,08803700036680,0.0
16361,08813704036681,0.0
16330,07553701036555,0.0
16331,07563701036556,0.0
16364,08843704036684,-0.0
16365,08853704036685,-0.0
16366,08863704036686,0.0
16367,08873704036687,-0.0
16368,08883704036688,0.0
16369,08893704036689,0.0
16370,08903701036690,0.0
16371,08913701036691,0.0
16372,08923701036692,0.0
16373,08933701036693,0.0
16374,08943701036694,0.0
16375,08953700036695,0.0
16376,08963701036696,0.0
16377,08983701036698,0.0
16346,08363700036627,-0.0
16347,08373705036628,0.0
16380,09033700036703,0.0
16381,09043700036704,0.0
16382,09053700036705,0.0
16383,09063705036706,0.0
16384,09093705036709,-0.0
16385,09123700036712,-0.0
16386,09133700036713,-0.0
16387,09333700036717,-0.0
16388,09343700036718,-0.0
16389,09363705036720,0.0
16390,09373705036721,0.0
16391,09443700036728,0.0
16392,09453700036729,0.0
16393,09463700036730,0.0
16362,08823704036682,0.0
16363,08833704036683,0.0
16396,09513700036735,-0.0
16397,09523700036736,-0.0
16398,09563700036740,-0.0
16399,09633705036747,0.0
16400,09643700036748,0.0
16401,09653705036749,0.0
16402,09663705036750,-0.0
16403,09673701036751,-0.0
16404,09173704036753,0.0
16405,09693700036760,-0.0
16406,09703700036761,0.0
16407,09713700036762,0.0
16408,09733700036764,-0.0
16409,09743700036765,0.0
16378,09003705036700,0.0
16379,09013704036701,0.0
16412,09753700036768,0.0
16413,09763701036769,0.0
16414,09773700036770,0.0
16415,09783701036771,-0.0
16416,09793700036772,0.0
16417,09803701036773,0.0
16418,09833700036774,0.0
16419,09843700036775,0.0
16420,09853700036776,0.0
16421,09863700036777,0.0
16422,09873700036778,-0.0
16423,09883700036779,-0.0
16424,09893700036780,-0.0
16425,09903701036781,-0.0
16394,09473700036731,0.0
16395,09503700036734,-0.0
16428,09943701036785,-0.0
16429,09953700036786,0.0
16430,09963700036787,0.0
16431,09973700036788,-0.0
16432,09983700036789,-0.0
16433,09993700036790,0.0
16434,10003700036791,0.0
16435,10013700036792,0.0
16436,10023700036793,-0.0
16437,10043700036795,-0.0
16438,10063700036797,-0.0
16439,10073700036798,-0.0
16440,10083700036799,-0.0
16441,10093700036800,0.0
16410,09813700036766,-0.0
16411,09823700036767,-0.0
16444,10123700036803,-0.0
16445,10133700036804,-0.0
16446,10143701036805,-0.0
16447,10153700036806,0.0
16448,10163701036807,-0.0
16449,10173700036808,-0.0
16450,10183701036809,-0.0
16451,10193700036810,-0.0
16452,10203700036811,-0.0
16453,10213700036812,0.0
16454,10223700036813,0.0
16455,10243700036815,-0.0
16456,10253700036816,-0.0
16457,10263700036817,-0.0
16426,09923701036783,-0.0
16427,09933700036784,-0.0
16460,10293701036820,-0.0
16461,10303700036821,0.0
16462,10313701036822,-0.0
16463,10323700036823,0.0
16464,10353701036826,-0.0
16465,10363700036827,0.0
16466,10373701036828,-0.0
16467,10383700036829,-0.0
16468,10393701036830,-0.0
16469,10433700036834,-0.0
16470,10443700036835,-0.0
16471,10453700036836,-0.0
16472,10463700036837,-0.0
16473,10473700036838,0.0
16442,10103700036801,0.0
16443,10113700036802,-0.0
16476,09313705036850,0.0
16477,09323705036851,-0.0
16478,10603700036857,-0.0
16479,10613700036858,-0.0
16480,10623700036859,-0.0
16481,10633700036860,-0.0
16482,10683700036868,-0.0
16483,10873705036887,0.0
16484,10923702036892,-0.0
16485,10943702036894,0.0
16486,10953700036895,-0.0
16487,10973705036897,0.0
16488,10983705036898,0.0
16489,11023701036902,0.0
16458,10273701036818,-0.0
16459,10283700036819,-0.0
16492,11053701036905,0.0
16493,11123700036912,0.0
16494,11243700036924,-0.0
16495,11283705036928,0.0
16496,11433700036943,0.0
16497,11453700036945,-0.0
16498,11463700036946,-0.0
16499,11473700036947,-0.0
16500,11483705036948,-0.0
16501,11523700036952,-0.0
16502,11533700036953,-0.0
16503,11543700036954,-0.0
16504,11553700036955,-0.0
16505,11563700036956,-0.0
16474,10483700036839,0.0
16475,10503700036841,0.0
16507,11603704036960,0.0
16508,11653700036965,-0.0
16510,11683700036968,-0.0
16511,11693705036969,0.0
16512,11703700036970,-0.0
16513,11713700036971,-0.0
16514,11733700036973,0.0
16515,11743700036974,-0.0
16516,11753700036975,0.0
16517,11763700036976,-0.0
16518,11773700036977,0.0
16519,11783700036978,0.0
16520,11823701036982,0.0
16521,11833700036983,0.0
16490,11033701036903,0.0
16491,11043701036904,0.0
16523,11873700036987,-0.0
16524,11883700036988,-0.0
16525,11893700036989,-0.0
16526,11923701036992,0.0
16527,11933701036993,0.0
16528,11983700036998,-0.0
16529,11993700036999,0.0
16530,12013701037001,0.0
16531,12023700037002,0.0
16532,12043700037004,0.0
16533,12063700037006,0.0
16534,12073700037007,0.0
16535,12083701037008,-0.0
16536,12093700037009,0.0
16537,12103700037010,0.0
16506,11593700036959,-0.0
16539,12153702037015,0.0
16540,12223705037022,-0.0
16541,12233705037023,-0.0
16542,12263700037026,0.0
16543,12283700037028,0.0
16544,12293705037029,-0.0
16545,12303705037030,-0.0
16546,12313700037031,-0.0
16547,12333705037033,-0.0
16548,12343704037034,-0.0
16549,12353702037035,0.0
16550,12363700037036,0.0
16551,12383700037038,0.0
16552,12403700037040,0.0
16553,12423700037042,-0.0
16522,11843700036984,-0.0
16555,12443700037044,-0.0
16556,12453700037045,0.0
16557,12463700037046,-0.0
16558,12473700037047,0.0
16559,12523704037052,0.0
16560,12583700037058,-0.0
16561,12603700037060,-0.0
16562,12673700037067,-0.0
16563,12683705037068,-0.0
16564,12713700037071,-0.0
16565,12753700037075,-0.0
16566,12763700037076,-0.0
16567,12773700037077,-0.0
16568,12783700037078,-0.0
16569,12793700037079,-0.0
16538,12113700037011,-0.0
16571,12813700037081,0.0
16572,12823700037082,0.0
16573,12833700037083,0.0
16574,12843700037084,0.0
16575,12853700037085,0.0
16576,12863700037086,0.0
16577,12873700037087,0.0
16578,12883700037088,0.0
16579,12903700037090,-0.0
16580,12913705037091,0.0
16581,12923705037092,0.0
16582,12933704037093,-0.0
16583,12973700037097,0.0
16584,12983705037098,0.0
16585,12993700037099,-0.0
16554,12433700037043,-0.0
16587,13093700037109,-0.0
16588,13273700037127,0.0
16589,13283700037128,0.0
16590,13293700037129,0.0
16591,13323704037132,0.0
16592,13333700037133,0.0
16593,13343704037134,0.0
16594,13353704037135,0.0
16595,13363700037136,0.0
16596,13393705037139,-0.0
16597,13403705037140,0.0
16598,13413705037141,-0.0
16599,13433700037143,-0.0
16600,13443700037144,0.0
16601,13623700037162,-0.0
16570,12803700037080,0.0
16603,13643700037164,-0.0
16604,13653700037165,-0.0
16605,13663700037166,0.0
16606,13673700037167,0.0
16607,13683700037168,0.0
16608,13693700037169,0.0
16609,13703700037170,-0.0
16610,13713700037171,0.0
16611,13733700037173,-0.0
16612,13753700037175,-0.0
16613,13763700037176,-0.0
16614,13783700037178,-0.0
16615,13793700037179,-0.0
16616,13813700037181,0.0
16617,13823700037182,-0.0
16586,13013705037101,-0.0
16619,13843700037184,0.0
16620,13853700037185,0.0
16621,13863700037186,-0.0
16622,13873700037187,-0.0
16623,13983701037198,-0.0
16624,13993700037199,-0.0
16625,14003700037200,-0.0
16626,14073700037207,0.0
16627,14093700037209,-0.0
16628,14103700037210,0.0
16629,14113700037211,-0.0
16630,14123700037212,0.0
16631,14133700037213,0.0
16632,14143700037214,0.0
16633,14153700037215,-0.0
16602,13633700037163,-0.0
16635,14203703037220,-0.0
16636,14313700037231,-0.0
16637,00243800037255,-0.0
16638,00253805037256,-0.0
16639,00273805037258,-0.0
16640,00283800037259,-0.0
16641,00293805037260,-0.0
16642,00303800037261,-0.0
16643,00313805037262,-0.0
16644,00323800037263,-0.0
16645,00333804037264,-0.0
16646,00343800037265,0.0
16647,00353805037266,-0.0
16648,00373805037268,0.0
16649,00383800037269,0.0
16618,13833700037183,-0.0
16651,00423804037273,0.0
16652,00433800037274,0.0
16653,00463800037277,-0.0
16654,00483800037279,0.0
16655,00493805037280,-0.0
16656,00503801037281,0.0
16657,00573800037288,0.0
16658,00583800037289,0.0
16659,00613804037292,0.0
16660,00623800037293,0.0
16661,00633800037294,0.0
16662,00643800037295,-0.0
16663,00663805037297,-0.0
16664,00673804037298,-0.0
16665,00683805037299,-0.0
16634,14173700037217,-0.0
16667,00703805037301,-0.0
16668,00723800037303,-0.0
16669,00733800037304,-0.0
16670,00743800037305,0.0
16671,00753800037306,0.0
16672,00763804037307,0.0
16673,00823800037313,-0.0
16674,00833804037314,0.0
16675,00843804037315,0.0
16676,00853800037317,0.0
16677,00863805037318,0.0
16678,01013800037333,0.0
16679,01083800037340,-0.0
16680,01093800037341,-0.0
16681,01103800037342,-0.0
16650,00413800037272,0.0
16683,01133800037345,-0.0
16684,01193800037351,0.0
16685,01203805037352,0.0
16686,01443804037356,0.0
16687,01453800037357,-0.0
16688,01463804037358,-0.0
16689,01473804037359,-0.0
16690,01483804037360,-0.0
16691,01493804037361,0.0
16692,01513804037363,-0.0
16693,01533804037365,-0.0
16694,01553804037367,0.0
16695,01563800037368,-0.0
16696,01573800037369,-0.0
16697,01593800037371,-0.0
16666,00693805037300,-0.0
16699,01613804037373,-0.0
16700,01653800037377,-0.0
16701,01663805037378,-0.0
16702,01673804037379,-0.0
16703,01683804037380,-0.0
16704,01713805037383,0.0
16705,01723805037384,0.0
16706,02113800037423,0.0
16707,02123800037424,0.0
16708,02133800037425,0.0
16709,02143800037426,0.0
16710,02173800037429,-0.0
16711,02193805037431,-0.0
16712,02203805037432,0.0
16713,02213800037433,-0.0
16682,01123801037344,0.0
16715,02253805037437,-0.0
16716,02333800037445,-0.0
16717,02343800037446,0.0
16718,02373805037449,-0.0
16719,02393800037451,0.0
16720,02423800037454,0.0
16721,02433800037455,-0.0
16722,02443800037456,0.0
16723,02453800037457,0.0
16724,02463800037458,-0.0
16725,02473800037459,0.0
16726,02483800037460,0.0
16727,02493800037461,0.0
16728,02503800037462,-0.0
16729,02773804037509,-0.0
16698,01603800037372,-0.0
16731,02843800037516,0.0
16732,02853800037517,-0.0
16733,02863800037518,-0.0
16734,02873800037519,0.0
16735,02883805037520,0.0
16736,03033800037535,0.0
16737,03043800037536,0.0
16738,03053800037537,-0.0
16739,03073800037538,-0.0
16740,03063800037539,-0.0
16741,03083800037540,-0.0
16742,03093800037541,-0.0
16743,03103800037542,-0.0
16744,03113800037543,0.0
16745,03123800037544,-0.0
16714,02223800037434,0.0
16747,03263800037552,-0.0
16748,03273800037553,-0.0
16749,03283800037554,-0.0
16750,03323800037558,-0.0
16751,03333800037559,-0.0
16752,03343800037560,-0.0
16753,03353800037561,-0.0
16754,03363800037562,-0.0
16755,03373800037563,-0.0
16756,03383800037564,0.0
16757,03393800037565,0.0
16758,03403800037566,0.0
16759,03513800037583,-0.0
16760,03523800037584,-0.0
16761,03533800037585,-0.0
16730,02793805037511,0.0
16763,03553800037587,-0.0
16764,03563800037588,-0.0
16765,03573800037589,0.0
16766,03583800037590,0.0
16767,03593800037591,-0.0
16768,03603800037592,-0.0
16769,03613800037593,-0.0
16770,03623800037594,0.0
16771,03633800037595,-0.0
16772,03643800037596,-0.0
16773,03653800037597,0.0
16774,03663800037598,0.0
16775,03673800037599,0.0
16776,03683800037600,-0.0
16777,03693800037601,-0.0
16746,03133800037545,-0.0
16779,03713800037603,0.0
16780,03723800037604,0.0
16781,03733800037605,0.0
16782,03743800037606,0.0
16783,03763800037608,0.0
16784,03823800037614,-0.0
16785,03833805037615,-0.0
16786,03843805037616,0.0
16787,03853804037617,-0.0
16788,03863805037618,-0.0
16789,03873800037619,-0.0
16790,03883805037621,-0.0
16791,03903805037622,-0.0
16792,03913804037623,-0.0
16793,03923805037624,-0.0
16762,03543800037586,-0.0
16795,03953804037627,-0.0
16796,04103800037641,0.0
16797,04113801037642,-0.0
16798,04123800037643,-0.0
16799,04133804037644,-0.0
16800,04143800037646,0.0
16801,04163805037648,-0.0
16802,04173804037649,-0.0
16803,04333800037665,-0.0
16804,04343800037666,-0.0
16805,04353801037667,-0.0
16806,04363801037668,0.0
16807,04373800037669,0.0
16808,04383800037670,0.0
16809,04393804037671,-0.0
16778,03703800037602,-0.0
16811,04453805037677,0.0
16812,04463800037678,-0.0
16813,04473804037679,-0.0
16814,04483800037680,0.0
16815,04503800037682,0.0
16816,04523805037684,-0.0
16817,04533804037685,-0.0
16818,04543805037686,-0.0
16819,04553805037687,-0.0
16820,04573805037689,-0.0
16821,04583804037690,-0.0
16822,04603805037692,-0.0
16823,04623805037694,-0.0
16824,04633805037695,-0.0
16825,04763805037698,-0.0
16794,03943805037626,-0.0
16827,04783805037700,-0.0
16828,04643805037701,-0.0
16829,04653804037702,-0.0
16830,04673805037704,-0.0
16831,04693804037706,-0.0
16832,04703805037707,-0.0
16833,04713804037708,-0.0
16834,04723805037709,-0.0
16835,04733805037710,-0.0
16836,04793800037711,-0.0
16837,04803805037712,-0.0
16838,04813805037713,-0.0
16839,04823805037714,-0.0
16840,04833800037715,-0.0
16841,04843800037716,-0.0
16810,04433805037675,-0.0
16843,04863800037718,0.0
16844,04883800037720,-0.0
16845,04893800037721,0.0
16846,04903800037722,-0.0
16847,04953805037727,-0.0
16848,04973800037729,-0.0
16849,04993805037731,-0.0
16850,05003805037732,-0.0
16851,05013800037733,-0.0
16852,05023805037734,-0.0
16853,05033804037735,-0.0
16854,05063805037738,-0.0
16855,05073804037739,-0.0
16856,05143805037746,-0.0
16857,05153804037747,-0.0
16826,04773804037699,-0.0
16859,05193805037751,-0.0
16860,05203804037752,-0.0
16861,05213805037753,-0.0
16862,05223804037754,-0.0
16863,05253805037757,0.0
16864,05313800037758,0.0
16865,05273805037760,-0.0
16866,05283804037761,-0.0
16867,05303805037763,-0.0
16868,05323805037764,-0.0
16869,05433800037775,-0.0
16870,05443800037776,-0.0
16871,05453800037777,0.0
16872,05463805037778,0.0
16873,05513800037783,-0.0
16842,04853800037717,0.0
16875,05533805037785,0.0
16876,05543804037786,-0.0
16877,05553805037787,-0.0
16878,05563800037788,-0.0
16879,05583800037789,-0.0
16880,05573804037790,-0.0
16881,05593805037791,-0.0
16882,05603804037792,-0.0
16883,05613804037793,-0.0
16884,05663800037798,0.0
16885,05683800037800,-0.0
16886,05693800037801,-0.0
16887,05723800037804,-0.0
16888,05733800037805,0.0
16889,05743800037806,0.0
16858,05163805037748,-0.0
16891,05783805037810,-0.0
16892,05793800037811,0.0
16893,05813805037813,-0.0
16894,05823804037814,-0.0
16895,05873800037819,0.0
16896,05883800037820,0.0
16897,05893800037821,0.0
16898,05903800037822,0.0
16899,05923803037824,0.0
16900,05933803037825,0.0
16901,05943800037826,0.0
16902,05963805037828,0.0
16903,06033800037835,-0.0
16904,06043800037836,-0.0
16905,06053800037837,-0.0
16874,05523800037784,-0.0
16907,06073800037839,-0.0
16908,06083800037840,-0.0
16909,06093800037841,-0.0
16910,06103800037842,-0.0
16911,06113800037843,-0.0
16912,06123800037844,-0.0
16913,06173800037849,-0.0
16914,06183800037850,-0.0
16915,06193800037851,0.0
16916,06203800037852,0.0
16917,06213800037853,0.0
16918,06223800037854,0.0
16919,06233800037855,-0.0
16920,06243800037856,-0.0
16921,06253800037857,-0.0
16890,05773805037809,0.0
16923,06273800037859,0.0
16924,06283800037860,0.0
16925,06293800037861,-0.0
16926,06303800037862,-0.0
16927,06313800037863,0.0
16928,06323800037864,-0.0
16929,06333800037865,-0.0
16930,06343800037866,0.0
16931,06353800037867,-0.0
16932,06363800037868,0.0
16933,06373800037869,-0.0
16934,06383800037870,0.0
16935,06393800037871,0.0
16936,06403800037872,0.0
16937,06413800037873,-0.0
16906,06063800037838,-0.0
16939,06443804037876,0.0
16940,06463804037878,-0.0
16941,06523800037884,-0.0
16942,06533804037885,0.0
16943,06543801037886,-0.0
16944,06553801037887,-0.0
16945,06563801037888,-0.0
16946,06573800037889,-0.0
16947,06583800037890,-0.0
16948,06603805037892,-0.0
16949,06683804037900,0.0
16950,06773800037909,-0.0
16951,06863800037918,0.0
16952,06883800037920,-0.0
16953,06903805037922,-0.0
16922,06263800037858,0.0
16955,06933800037925,0.0
16956,06943805037926,0.0
16957,06953800037927,0.0
16958,06973800037929,-0.0
16959,06983800037930,0.0
16960,06993804037931,-0.0
16961,07003804037932,-0.0
16962,07013800037933,0.0
16963,07023800037934,-0.0
16964,07033800037935,0.0
16965,07043800037936,0.0
16966,07053800037937,0.0
16967,07063800037938,-0.0
16968,07083800037940,0.0
16969,07093800037941,0.0
16938,06423804037874,-0.0
16971,07123804037944,-0.0
16972,07133804037945,-0.0
16973,07143800037946,0.0
16974,07163800037948,0.0
16975,07173800037949,-0.0
16976,07183800037950,-0.0
16977,07193800037951,-0.0
16978,07203800037952,0.0
16979,07213800037953,-0.0
16980,07233800037955,-0.0
16981,07253800037957,-0.0
16982,07263800037958,-0.0
16983,07273804037959,-0.0
16984,07283804037960,-0.0
16985,07303804037962,-0.0
16954,06913804037923,-0.0
16987,07333804037965,-0.0
16988,07343804037966,0.0
16989,07353804037967,0.0
16990,07373800037969,-0.0
16991,07383803037970,-0.0
16992,07393803037971,-0.0
16993,07403800037972,0.0
16994,07413801037973,-0.0
16995,07423801037974,-0.0
16996,07433800037975,-0.0
16997,07443800037976,0.0
16998,07453800037977,0.0
16999,07463800037978,0.0
17000,07473800037979,0.0
17001,07513800037983,0.0
16970,07103800037942,-0.0
17003,07533800037985,0.0
17004,07563801037988,0.0
17005,07573801037989,0.0
17006,07583801037990,0.0
17007,07593801037991,0.0
17008,07603801037992,0.0
17009,07613801037993,0.0
17010,07623801037994,0.0
17011,07633801037995,0.0
17012,07683800038000,-0.0
17013,07803805038003,0.0
17014,08153805038038,0.0
17015,08173805038040,0.0
17016,08293800038052,-0.0
17017,08303805038053,-0.0
16986,07313804037963,0.0
17019,08373805038060,0.0
17020,07693800038062,-0.0
17021,07703805038063,-0.0
17022,07723805038065,0.0
17023,08693805038101,0.0
17024,08703805038102,0.0
17025,08713804038103,0.0
17026,08723805038104,0.0
17027,08733805038105,0.0
17028,08743804038106,0.0
17029,08753805038107,0.0
17030,08763805038108,-0.0
17031,08803800038112,0.0
17032,08813804038113,0.0
17033,08823804038114,0.0
17002,07523800037984,0.0
17035,08853804038117,0.0
17036,08863804038118,0.0
17037,08873804038119,-0.0
17038,08893804038121,0.0
17039,08903801038122,0.0
17040,08913801038123,0.0
17041,08923801038124,0.0
17042,08933801038125,0.0
17043,08943801038126,0.0
17044,08953800038127,-0.0
17045,08963801038128,0.0
17046,08983801038130,0.0
17047,09003805038132,-0.0
17048,09033800038135,-0.0
17049,09053800038137,0.0
17018,08363800038059,0.0
17051,09113800038143,0.0
17052,09123800038144,-0.0
17053,09133800038145,-0.0
17054,09333800038149,-0.0
17055,09353800038151,-0.0
17056,09363805038152,0.0
17057,09373805038153,0.0
17058,09433800038159,-0.0
17059,09443800038160,0.0
17060,09453800038161,0.0
17061,09463800038162,-0.0
17062,09493800038165,-0.0
17063,09503800038166,-0.0
17064,09523800038168,-0.0
17065,09563800038172,0.0
17034,08843804038116,-0.0
17067,09653805038181,0.0
17068,09173804038185,0.0
17069,09693800038192,-0.0
17070,09703800038193,0.0
17071,09713800038194,-0.0
17072,09723800038195,-0.0
17073,09733800038196,-0.0
17074,09743800038197,-0.0
17075,09813800038198,0.0
17076,09823800038199,0.0
17077,09753800038200,0.0
17078,09763801038201,-0.0
17079,09773800038202,0.0
17080,09783801038203,-0.0
17081,09793800038204,0.0
17050,09063805038138,0.0
17083,09833800038206,-0.0
17084,09843800038207,-0.0
17085,09853800038208,0.0
17086,09863800038209,0.0
17087,09873800038210,-0.0
17088,09883800038211,-0.0
17089,09903801038213,-0.0
17090,09923801038215,-0.0
17091,09933800038216,-0.0
17092,09943801038217,-0.0
17093,09963800038219,0.0
17094,09973800038220,-0.0
17095,09983800038221,-0.0
17096,09993800038222,0.0
17097,10003800038223,0.0
17066,09633805038179,0.0
17099,10023800038225,0.0
17100,10033800038226,0.0
17101,10043800038227,0.0
17102,10053800038228,-0.0
17103,10063800038229,-0.0
17104,10073800038230,-0.0
17105,10083800038231,-0.0
17106,10093800038232,-0.0
17107,10103800038233,-0.0
17108,10113800038234,-0.0
17109,10123800038235,-0.0
17110,10133800038236,0.0
17111,10143801038237,0.0
17112,10153800038238,0.0
17113,10163801038239,0.0
17082,09803801038205,-0.0
17115,10183801038241,0.0
17116,10193800038242,-0.0
17117,10203800038243,-0.0
17118,10213800038244,0.0
17119,10223800038245,0.0
17120,10243800038247,0.0
17121,10253800038248,-0.0
17122,10263800038249,-0.0
17123,10273801038250,-0.0
17124,10283800038251,-0.0
17125,10293801038252,-0.0
17126,10303800038253,0.0
17127,10313801038254,-0.0
17128,10323800038255,-0.0
17129,10353801038258,-0.0
17098,10013800038224,0.0
17131,10373801038260,-0.0
17132,10383800038261,-0.0
17133,10393801038262,-0.0
17134,10433800038266,-0.0
17135,10443800038267,0.0
17136,10453800038268,-0.0
17137,10463800038269,0.0
17138,10473800038270,0.0
17139,10503800038273,0.0
17140,10603800038289,-0.0
17141,10613800038290,-0.0
17142,10623800038291,-0.0
17143,10633800038292,-0.0
17144,10683800038300,-0.0
17145,10773800038309,-0.0
17114,10173800038240,0.0
17147,10983805038330,0.0
17148,11023801038334,0.0
17149,11033801038335,0.0
17150,11043801038336,0.0
17151,11123800038344,0.0
17152,11133800038345,-0.0
17153,11153800038347,0.0
17154,11183800038350,0.0
17155,11193800038351,-0.0
17156,11213800038353,0.0
17157,11223800038354,0.0
17158,11233800038355,0.0
17159,11243800038356,-0.0
17160,11253800038357,-0.0
17161,11263800038358,0.0
17130,10363800038259,0.0
17163,11443800038376,-0.0
17164,11453800038377,-0.0
17165,11463800038378,-0.0
17166,11473800038379,-0.0
17167,11493800038381,-0.0
17168,11503801038382,-0.0
17169,11513801038383,-0.0
17170,11523800038384,0.0
17171,11533800038385,-0.0
17172,11543800038386,0.0
17173,11553800038387,0.0
17174,11563800038388,0.0
17175,11593800038391,0.0
17176,11603804038392,0.0
17177,11653800038397,-0.0
17146,10973805038329,-0.0
17179,11693805038401,0.0
17180,11703800038402,-0.0
17181,11713800038403,0.0
17182,11733800038405,0.0
17183,11743800038406,-0.0
17184,11753800038407,0.0
17185,11763800038408,-0.0
17186,11773800038409,0.0
17187,11783800038410,0.0
17188,11823801038414,-0.0
17189,11833800038415,0.0
17190,11843800038416,-0.0
17191,12113800038443,-0.0
17192,12223805038454,0.0
17193,12233805038455,0.0
17162,11433800038375,0.0
17195,12273800038459,-0.0
17196,12283800038460,-0.0
17197,12293805038461,-0.0
17198,12303805038462,0.0
17199,12313800038463,0.0
17200,12333805038465,-0.0
17201,12343804038466,-0.0
17202,12363800038468,0.0
17203,12373800038469,0.0
17204,12383800038470,-0.0
17205,12393800038471,0.0
17206,12403800038472,0.0
17207,12423800038474,0.0
17208,12433800038475,-0.0
17209,12453800038477,-0.0
17178,11663800038398,-0.0
17211,12473800038479,-0.0
17212,12523804038484,-0.0
17213,12583800038490,-0.0
17214,12603800038492,-0.0
17215,12633800038495,-0.0
17216,12643805038496,-0.0
17217,12673800038499,-0.0
17218,12683805038500,-0.0
17219,12693800038501,0.0
17220,12703800038502,-0.0
17221,12713800038503,0.0
17222,12723804038504,-0.0
17223,12753800038507,-0.0
17224,12763800038508,-0.0
17225,12783800038510,0.0
17194,12263800038458,-0.0
17226,12813800038513,0.0
17227,12843800038516,0.0
17228,12873800038519,0.0
17229,12913805038523,0.0
17230,12923805038524,-0.0
17231,12933804038525,-0.0
17232,12963800038528,-0.0
17233,12973800038529,-0.0
17234,12983805038530,-0.0
17236,13013805038533,0.0
17237,13023800038534,0.0
17238,13033805038535,0.0
17239,13273800038559,0.0
17240,13283800038560,0.0
17241,13293800038561,0.0
17210,12463800038478,-0.0
25466,14082800058429,0.0
25467,14092800058430,0.0
25468,14102800058431,-0.0
25469,14112800058432,-0.0
25470,02451900058433,0.0
25471,02461900058434,0.0
25472,02471900058435,0.0
25473,02481900058436,0.0
25474,02501900058438,-0.0
25475,04831900058439,0.0
25476,04841900058440,0.0
25477,04851900058441,0.0
25478,04861900058442,0.0
25479,04871900058443,0.0
25480,09701900058446,0.0
25481,09711900058447,-0.0
17242,13323804038564,0.0
17243,13333800038565,-0.0
17244,13343804038566,-0.0
17245,13353804038567,-0.0
17246,13363800038568,-0.0
17247,13393805038571,0.0
17248,13413805038573,0.0
17249,13433800038575,0.0
17250,13443800038576,-0.0
17251,13623800038594,-0.0
17252,13633800038595,-0.0
17253,13643800038596,-0.0
17254,13653800038597,-0.0
17255,13663800038598,-0.0
17256,13673800038599,-0.0
17257,13683800038600,-0.0
17258,13693800038601,-0.0
17259,13713800038603,0.0
17260,13733800038605,0.0
17261,13743800038606,0.0
17262,13753800038607,0.0
17263,13763800038608,-0.0
17264,13773800038609,0.0
17265,13783800038610,-0.0
17266,13983801038630,0.0
17267,13993800038631,0.0
17268,14003800038632,-0.0
17269,14063800038638,-0.0
17270,14073800038639,0.0
17271,14083800038640,-0.0
17272,14093800038641,-0.0
17273,14103800038642,-0.0
17274,14113800038643,-0.0
17275,14123800038644,-0.0
17276,14133800038645,-0.0
17277,14143800038646,-0.0
17278,14153800038647,0.0
17279,14163800038648,0.0
17280,14173800038649,0.0
17281,14203803038652,-0.0
17282,14313800038663,-0.0
17283,00020800038665,0.0
17284,00030800038666,0.0
17285,00040800038667,0.0
17286,00050800038668,0.0
17287,00060800038669,0.0
17288,00070800038670,-0.0
17289,00240800038687,0.0
17290,00250805038688,0.0
17291,00260800038689,0.0
17292,00270805038690,0.0
17293,00280800038691,-0.0
17294,00290805038692,0.0
17295,00310805038694,0.0
17296,00320800038695,0.0
17297,00330804038696,0.0
17298,00340800038697,-0.0
17299,00350805038698,0.0
17300,00370805038700,0.0
17301,00390804038702,0.0
17302,00400800038703,-0.0
17303,00420804038705,0.0
17304,00460800038709,-0.0
17305,00470805038710,0.0
17306,00480800038711,0.0
17307,00490805038712,0.0
17308,00560800038719,0.0
17309,00570800038720,0.0
17310,00580800038721,0.0
17311,00620800038725,0.0
17312,00630800038726,-0.0
17313,00640800038727,-0.0
17314,00660805038729,0.0
17315,00670804038730,0.0
17316,00680805038731,0.0
17317,00690805038732,-0.0
17318,00700805038733,0.0
17319,00720800038735,-0.0
17320,00730800038736,0.0
17321,00740800038737,-0.0
17322,00750800038738,0.0
17323,00760804038739,0.0
17324,00810804038744,0.0
17325,00820800038745,-0.0
17326,00830804038746,-0.0
17327,00840804038747,-0.0
17328,00850800038749,0.0
17329,00860805038750,0.0
17330,00870803038751,-0.0
17331,01080800038772,-0.0
17332,01090800038773,-0.0
17333,01100800038774,-0.0
17334,01120801038776,0.0
17335,01160800038780,-0.0
17336,01170800038781,0.0
17337,01190800038783,-0.0
17338,01200805038784,0.0
17339,01210800038785,0.0
17340,01440804038788,-0.0
17341,01450800038789,0.0
17342,01460804038790,0.0
17343,01470804038791,-0.0
17344,01480804038792,-0.0
17345,01490804038793,-0.0
17346,01500804038794,-0.0
17347,01510804038795,-0.0
17348,01520804038796,0.0
17349,01530804038797,0.0
17350,01540804038798,-0.0
17351,01550804038799,0.0
17352,01570800038801,-0.0
17353,01590800038803,-0.0
17354,01600800038804,-0.0
17355,01610804038805,-0.0
17356,01670804038811,-0.0
17357,01680804038812,0.0
17358,01690805038813,0.0
17359,01700804038814,0.0
17360,01710805038815,-0.0
17361,01720805038816,0.0
17362,02100800038854,-0.0
17363,02110800038855,0.0
17364,02140800038858,0.0
17365,02180805038862,0.0
17366,02190805038863,-0.0
17367,02200805038864,0.0
17368,02370805038881,-0.0
17369,02390800038883,0.0
17370,02420800038886,-0.0
17371,02430800038887,-0.0
17372,02440800038888,-0.0
17373,02450800038889,-0.0
17374,02460800038890,0.0
17375,02470800038891,-0.0
17376,02480800038892,-0.0
17377,02490800038893,0.0
17378,02500800038894,0.0
17379,02770804038941,-0.0
17380,02790805038943,0.0
17381,02840800038948,-0.0
17382,02850800038949,-0.0
17383,02860800038950,0.0
17384,02900801038953,0.0
17385,02910800038954,-0.0
17386,02920805038955,-0.0
17387,02930805038956,0.0
17388,02890805038957,0.0
17389,02950800038959,0.0
17390,03040800038968,0.0
17391,03050800038969,0.0
17392,03070800038970,-0.0
17393,03060800038971,-0.0
17394,03080800038972,-0.0
17395,03090800038973,-0.0
17396,03100800038974,-0.0
17397,03110800038975,0.0
17398,03120800038976,0.0
17399,03130800038977,0.0
17400,03510800039015,0.0
17401,03520800039016,-0.0
17402,03530800039017,-0.0
17403,03540800039018,0.0
17404,03550800039019,0.0
17405,03560800039020,0.0
17406,03570800039021,-0.0
17407,03580800039022,-0.0
17408,03590800039023,-0.0
17409,03600800039024,-0.0
17410,03610800039025,-0.0
17411,03620800039026,-0.0
17412,03630800039027,-0.0
17413,03650800039029,-0.0
17414,03670800039031,-0.0
17415,03680800039032,0.0
17416,03690800039033,-0.0
17417,03710800039035,-0.0
17418,03730800039037,-0.0
17419,03760800039040,-0.0
17420,03840805039048,-0.0
17421,03850804039049,0.0
17422,03860805039050,0.0
17423,03880805039053,0.0
17424,03900805039054,0.0
17425,03910804039055,0.0
17426,03920805039056,0.0
17427,03940805039058,-0.0
17428,03950804039059,-0.0
17429,03970805039061,0.0
17430,03980805039062,0.0
17431,03990805039063,0.0
17432,04000805039064,0.0
17433,04010804039065,0.0
17434,04020800039066,0.0
17435,04030800039067,0.0
17436,04040800039068,0.0
17437,04120800039075,-0.0
17438,04130804039076,0.0
17439,04050804039077,0.0
17440,04140800039078,0.0
17441,04150800039079,0.0
17442,04160805039080,0.0
17443,04170804039081,0.0
17444,04330800039097,0.0
17445,04340800039098,0.0
17446,04350801039099,-0.0
17447,04360801039100,-0.0
17448,04370800039101,0.0
17449,04380800039102,0.0
17450,04390804039103,-0.0
17451,04420800039106,-0.0
17452,04430805039107,-0.0
17453,04440800039108,-0.0
17454,04450805039109,-0.0
17455,04460800039110,0.0
17456,04470804039111,0.0
17457,04480800039112,0.0
17458,04500800039114,-0.0
17459,04510800039115,-0.0
17460,04520805039116,0.0
17461,04530804039117,0.0
17462,04540805039118,-0.0
17463,04550805039119,-0.0
17464,04560800039120,0.0
17465,04570805039121,0.0
17466,04580804039122,0.0
17467,04590800039123,0.0
17468,04600805039124,0.0
17469,04620805039126,0.0
17470,04630805039127,0.0
17471,04740800039128,0.0
17472,04760805039130,0.0
17473,04770804039131,0.0
17474,04640805039133,0.0
17475,04650804039134,0.0
17476,04660800039135,0.0
17477,04670805039136,0.0
17478,04680800039137,0.0
17479,04690804039138,0.0
17480,04700805039139,0.0
17481,04710804039140,0.0
17482,04720805039141,0.0
17483,04730805039142,0.0
17484,04810805039145,0.0
17485,04820805039146,0.0
17486,04830800039147,0.0
17487,04840800039148,0.0
17488,04850800039149,0.0
17489,04860800039150,0.0
17490,04870800039151,0.0
17491,04880800039152,-0.0
17492,04970800039161,0.0
17493,04980800039162,0.0
17494,04990805039163,0.0
17495,05000805039164,0.0
17496,05010800039165,-0.0
17497,05020805039166,0.0
17498,05030804039167,0.0
17499,05040800039168,0.0
17500,05060805039170,0.0
17501,05070804039171,0.0
17502,05080800039172,0.0
17503,05090805039173,0.0
17504,05140805039178,0.0
17505,05150804039179,0.0
17506,05160805039180,0.0
17507,05170800039181,-0.0
17508,05180800039182,-0.0
17509,05190805039183,0.0
17510,05200804039184,0.0
17511,05250805039189,0.0
17512,05310800039190,0.0
17513,05270805039192,0.0
17514,05280804039193,0.0
17515,05300805039195,0.0
17516,05320805039196,0.0
17517,05450800039209,0.0
17518,05460805039210,0.0
17519,05480805039212,0.0
17520,05490805039213,0.0
17521,05500800039214,-0.0
17522,05510800039215,0.0
17523,05520800039216,0.0
17524,05530805039217,0.0
17525,05540804039218,0.0
17526,05550805039219,0.0
17527,05570804039222,0.0
17528,05590805039223,0.0
17529,05600804039224,0.0
17530,05610804039225,0.0
17531,05650800039229,0.0
17532,05660800039230,-0.0
17533,05740800039238,0.0
17534,05770805039241,-0.0
17535,05780805039242,-0.0
17536,05790800039243,-0.0
17537,05800800039244,0.0
17538,05810805039245,0.0
17539,05820804039246,0.0
17540,05850800039247,0.0
17541,05830800039248,0.0
17542,05840800039249,0.0
17543,05880800039252,0.0
17544,05900800039254,0.0
17545,05910803039255,-0.0
17546,05970800039261,0.0
17547,06060800039270,0.0
17548,06070800039271,-0.0
17549,06080800039272,0.0
17550,06120800039276,-0.0
17551,06150804039279,-0.0
17552,06160804039280,0.0
17553,06170800039281,-0.0
17554,06190800039283,-0.0
17555,06210800039285,-0.0
17556,06230800039287,-0.0
17557,06250800039289,0.0
17558,06260800039290,-0.0
17559,06280800039292,-0.0
17560,06290800039293,-0.0
17561,06310800039295,0.0
17562,06410800039305,0.0
17563,06420804039306,-0.0
17564,06440804039308,-0.0
17565,06460804039310,-0.0
17566,06520800039316,0.0
17567,06530804039317,0.0
17568,06540801039318,0.0
17569,06550801039319,-0.0
17570,06560801039320,-0.0
17571,06570800039321,-0.0
17572,06580800039322,0.0
17573,06600805039324,0.0
17574,06680804039332,-0.0
17575,06770800039341,-0.0
17576,06860800039350,-0.0
17577,06870800039351,-0.0
17578,06880800039352,0.0
17579,06900805039354,0.0
17580,06910804039355,0.0
17581,06930800039357,0.0
17582,06940805039358,0.0
17583,06950800039359,-0.0
17584,06970800039361,0.0
17585,06980800039362,0.0
17586,06990804039363,0.0
17587,07000804039364,0.0
17588,07010800039365,0.0
17589,07020800039366,0.0
17590,07030800039367,-0.0
17591,07040800039368,0.0
17592,07050800039369,0.0
17593,07060800039370,-0.0
17594,07070800039371,0.0
17595,07080800039372,0.0
17596,07090800039373,-0.0
17597,07100800039374,0.0
17598,07110800039375,0.0
17599,07120804039376,0.0
17600,07130804039377,0.0
17601,07140800039378,-0.0
17602,07150800039379,-0.0
17603,07160800039380,-0.0
17604,07170800039381,0.0
17605,07190800039383,-0.0
17606,07200800039384,0.0
17607,07210800039385,-0.0
17608,07220800039386,0.0
17609,07230800039387,0.0
17610,07240800039388,0.0
17611,07260800039390,0.0
17612,07270804039391,0.0
17613,07290804039393,-0.0
17614,07300804039394,-0.0
17615,07310804039395,-0.0
17616,07320804039396,0.0
17617,07330804039397,0.0
17618,07340804039398,-0.0
17619,07350804039399,0.0
17620,07360800039400,0.0
17621,07370800039401,0.0
17622,07380803039402,0.0
17623,07390803039403,0.0
17624,07410801039405,0.0
17625,07420801039406,0.0
17626,07430800039407,0.0
17627,07440800039408,0.0
17628,07450800039409,0.0
17629,07460800039410,0.0
17630,07470800039411,-0.0
17631,07510800039415,0.0
17632,07530800039417,0.0
17633,07550801039419,0.0
17634,07560801039420,0.0
17635,07570801039421,-0.0
17636,07580801039422,-0.0
17637,07590801039423,-0.0
17638,07600801039424,-0.0
17639,07610801039425,-0.0
17640,07620801039426,-0.0
17641,07630801039427,-0.0
17642,07670805039431,0.0
17643,07800805039435,-0.0
17644,07810803039436,-0.0
17645,07820803039437,0.0
17646,07830803039438,-0.0
17647,07840803039439,-0.0
17648,07880803039443,-0.0
17649,07890803039444,0.0
17650,07910803039446,0.0
17651,07950803039450,-0.0
17652,07960803039451,0.0
17653,07970803039452,0.0
17654,07980803039453,0.0
17655,08010803039456,0.0
17656,08020803039457,-0.0
17657,08050803039460,0.0
17658,08080803039463,-0.0
17659,08090803039464,0.0
17660,08110803039466,0.0
17661,08130803039468,0.0
17662,08140805039469,-0.0
17663,08150805039470,0.0
17664,08160805039471,0.0
17665,08170805039472,0.0
17666,08240805039473,0.0
17667,08180805039474,-0.0
17668,08190805039475,0.0
17669,08250805039478,-0.0
17670,08260805039479,-0.0
17671,08270805039482,0.0
17672,08280805039483,-0.0
17673,07730800039499,0.0
17674,07750800039500,0.0
17675,07760800039501,-0.0
17676,07770804039502,0.0
17677,08400804039504,-0.0
17678,08410804039505,-0.0
17679,08530803039517,0.0
25653,04830700058655,-0.0
17681,08580803039522,-0.0
17682,08690805039533,0.0
17683,08700805039534,0.0
17684,08710804039535,0.0
17685,08750805039539,-0.0
17686,08760805039540,-0.0
17687,08800800039544,0.0
17688,08810804039545,0.0
17689,08830804039547,0.0
17690,08840804039548,-0.0
17691,08850804039549,-0.0
17692,08870804039551,0.0
17693,08880804039552,0.0
17694,08890804039553,0.0
17695,08900801039554,-0.0
17696,08910801039555,-0.0
17697,08920801039556,-0.0
17698,08930801039557,-0.0
17699,08940801039558,-0.0
17700,08950800039559,-0.0
17701,08960801039560,-0.0
17702,08980801039562,-0.0
17703,09000805039564,0.0
17704,09010804039565,-0.0
17705,09020800039566,0.0
17706,09030800039567,-0.0
17707,09040800039568,0.0
17708,09110800039575,-0.0
17709,09120800039576,0.0
17710,09130800039577,0.0
17711,09360805039584,0.0
17712,09370805039585,0.0
17713,09380800039586,-0.0
17714,09390800039587,-0.0
17715,09400800039588,-0.0
17716,09410800039589,0.0
17717,09420800039590,0.0
17718,09430800039591,0.0
17719,09440800039592,0.0
17720,09450800039593,0.0
17721,09460800039594,0.0
17722,09490800039597,0.0
17723,09500800039598,0.0
17724,09510800039599,0.0
17725,09520800039600,0.0
17726,09560800039604,0.0
17727,09630805039611,0.0
17728,09650805039613,-0.0
17729,09670801039615,0.0
17730,09170804039617,0.0
17731,09220805039622,0.0
17732,09690800039624,0.0
17733,09700800039625,0.0
17734,09710800039626,0.0
17735,09730800039628,-0.0
17736,09740800039629,-0.0
17737,09810800039630,-0.0
17738,09820800039631,-0.0
17739,09750800039632,-0.0
17740,09760801039633,-0.0
17741,09770800039634,-0.0
17742,09780801039635,-0.0
17743,09790800039636,-0.0
17744,09800801039637,-0.0
17745,09830800039638,-0.0
17746,09840800039639,-0.0
17747,09850800039640,0.0
17748,09860800039641,0.0
17749,09870800039642,-0.0
17750,09880800039643,-0.0
17751,09890800039644,-0.0
17752,09900801039645,0.0
17753,09910800039646,-0.0
17754,09920801039647,0.0
17755,09930800039648,-0.0
17756,09940801039649,0.0
17757,09950800039650,-0.0
17758,09960800039651,-0.0
17759,09970800039652,-0.0
17760,09980800039653,-0.0
17761,09990800039654,-0.0
17762,10000800039655,-0.0
17763,10040800039659,-0.0
17764,10050800039660,0.0
17765,10060800039661,0.0
17766,10070800039662,0.0
17767,10080800039663,0.0
17768,10090800039664,0.0
17769,10100800039665,0.0
17770,10110800039666,0.0
17771,10120800039667,0.0
17772,10130800039668,0.0
17773,10140801039669,0.0
17774,10150800039670,0.0
17775,10160801039671,0.0
17776,10170800039672,0.0
17777,10180801039673,0.0
17778,10190800039674,0.0
17779,10200800039675,0.0
17780,10210800039676,0.0
17781,10220800039677,0.0
17782,10230800039678,0.0
17783,10240800039679,0.0
17784,10250800039680,0.0
17785,10260800039681,0.0
17786,10270801039682,0.0
17787,10280800039683,-0.0
17788,10290801039684,0.0
17789,10300800039685,0.0
17790,10310801039686,0.0
17791,10320800039687,0.0
17792,10350801039690,0.0
17793,10360800039691,0.0
17794,10370801039692,0.0
17795,10380800039693,-0.0
17796,10390801039694,0.0
17797,10400805039695,0.0
17798,10410805039696,0.0
17799,09260805039707,0.0
25652,02500700058654,-0.0
17801,09240805039709,0.0
17802,09250805039710,-0.0
17803,09280805039711,0.0
17804,09290805039712,-0.0
17805,09300805039713,0.0
17806,09310805039714,0.0
17807,09320805039715,-0.0
17808,10530802039717,-0.0
17809,10600800039721,-0.0
17810,10610800039722,-0.0
17811,10620800039723,-0.0
17812,10630800039724,-0.0
17813,10680800039732,0.0
17814,10770800039741,-0.0
17815,10800800039744,-0.0
17816,10870805039751,-0.0
17817,10910802039755,-0.0
17818,10920802039756,-0.0
17819,10940802039758,0.0
17820,10950800039759,0.0
17821,10970805039761,0.0
17822,10980805039762,0.0
17823,11000802039764,0.0
17824,11020801039766,-0.0
17825,11030801039767,-0.0
17826,11040801039768,-0.0
17827,11050801039769,-0.0
17828,11240800039788,0.0
17829,11300800039793,-0.0
17830,11290800039794,-0.0
17831,11340804039798,-0.0
17832,11350804039799,0.0
17833,11430800039807,0.0
17834,11440800039808,0.0
17835,11450800039809,0.0
17836,11460800039810,0.0
17837,11480805039812,-0.0
17838,11500801039814,-0.0
17839,11510801039815,-0.0
17840,11530800039817,0.0
17841,11550800039819,0.0
17842,11570800039821,-0.0
17843,11590800039823,-0.0
17844,11600804039824,-0.0
17845,11610804039825,-0.0
17846,11650800039829,0.0
17847,11660800039830,0.0
17848,11700800039834,-0.0
17849,11710800039835,-0.0
17850,11730800039837,0.0
17851,11750800039839,0.0
17852,11760800039840,-0.0
17853,11770800039841,-0.0
17854,11780800039842,0.0
17855,11820801039846,-0.0
17856,11830800039847,-0.0
17857,11840800039848,-0.0
17858,11870800039851,0.0
17859,11880800039852,0.0
17860,11890800039853,0.0
17861,11900800039854,-0.0
17862,11940800039858,-0.0
17863,11960800039860,0.0
17864,12070800039871,0.0
17865,12080801039872,0.0
17866,12090800039873,-0.0
17867,12100800039874,-0.0
17868,12110800039875,0.0
17869,12150802039879,0.0
17870,12170802039881,0.0
17871,12180800039882,0.0
17872,12190802039883,0.0
17873,12220805039886,0.0
17874,12260800039890,-0.0
17875,12270800039891,-0.0
17876,12280800039892,-0.0
17877,12290805039893,0.0
17878,12300805039894,0.0
17879,12310800039895,0.0
17880,12320800039896,-0.0
17881,12330805039897,0.0
17882,12340804039898,0.0
17883,12350802039899,-0.0
17884,12360800039900,-0.0
17885,12370800039901,-0.0
17886,12380800039902,-0.0
17887,12430800039907,-0.0
17888,12450800039909,-0.0
17889,12470800039911,-0.0
17890,12480800039912,0.0
17891,12490800039913,0.0
17892,12500800039914,0.0
17893,12580800039922,-0.0
17894,12600800039924,0.0
17895,12630800039927,-0.0
17896,12640805039928,-0.0
17897,12650800039929,-0.0
17898,12690800039933,-0.0
17899,12700800039934,-0.0
17900,12710800039935,-0.0
17901,12720804039936,-0.0
17902,12750800039939,0.0
17903,12760800039940,0.0
17904,12770800039941,-0.0
17905,12780800039942,-0.0
17906,12790800039943,-0.0
17907,12800800039944,-0.0
17908,12810800039945,-0.0
17909,12820800039946,-0.0
17910,12830800039947,-0.0
17911,12840800039948,-0.0
17912,12850800039949,-0.0
17913,12860800039950,-0.0
17914,12870800039951,-0.0
17915,12880800039952,-0.0
17916,13270800039991,0.0
17917,13280800039992,0.0
17918,13290800039993,0.0
17919,13310800039994,0.0
17920,13320804039996,0.0
17921,13330800039997,0.0
17922,13340804039998,0.0
17923,13350804039999,0.0
17924,13360800040000,0.0
17925,13380800040002,-0.0
17926,13390805040003,0.0
17927,13400805040004,-0.0
17928,13410805040005,0.0
17929,13440800040008,-0.0
17930,13620800040026,0.0
17931,13630800040027,-0.0
17932,13640800040028,0.0
17933,13650800040029,-0.0
17934,13660800040030,0.0
17935,13670800040031,-0.0
17936,13680800040032,0.0
17937,13690800040033,-0.0
17938,13700800040034,-0.0
17939,13710800040035,-0.0
17940,13820800040046,0.0
17941,13840800040048,0.0
17942,13860800040050,0.0
17943,13870800040051,-0.0
17944,13880800040052,0.0
17945,13900800040054,0.0
17946,13920800040056,0.0
17947,13980801040062,0.0
17948,13990800040063,0.0
17949,14000800040064,-0.0
17950,14020805040066,0.0
17951,14060800040070,0.0
17952,14070800040071,0.0
17953,14080800040072,0.0
17954,14100800040074,-0.0
17955,14110800040075,-0.0
17956,14120800040076,-0.0
17957,14130800040077,-0.0
17958,14140800040078,-0.0
17959,14150800040079,0.0
17960,14160800040080,0.0
17961,14170800040081,0.0
17962,14200803040084,0.0
17963,14310800040095,0.0
17964,00251805040120,0.0
17965,00271805040122,0.0
17966,00281800040123,-0.0
17967,00291805040124,-0.0
17968,00301800040125,-0.0
17969,00311805040126,-0.0
17970,00321800040127,-0.0
17971,00331804040128,0.0
17972,00341800040129,0.0
17973,00351805040130,0.0
17974,00361800040131,-0.0
17975,00381800040133,-0.0
17976,00391804040134,-0.0
17977,00401800040135,-0.0
17978,00411800040136,0.0
17979,00421804040137,0.0
17980,00431800040138,0.0
17981,00461800040141,-0.0
17982,00471805040142,-0.0
17983,00481800040143,0.0
17984,00491805040144,0.0
17985,00501801040145,-0.0
17986,00561800040151,0.0
17987,00571800040152,0.0
17988,00581800040153,-0.0
17989,00601800040155,-0.0
17990,00611804040156,-0.0
17991,00621800040157,-0.0
17992,00631800040158,-0.0
17993,00641800040159,-0.0
17994,00661805040161,-0.0
17995,00671804040162,0.0
17996,00681805040163,0.0
17997,00701805040165,0.0
17998,00721800040167,0.0
17999,00741800040169,-0.0
18000,00751800040170,-0.0
18001,00761804040171,-0.0
18002,00811804040176,-0.0
18003,00821800040177,-0.0
18004,00831804040178,-0.0
18005,00841804040179,-0.0
18006,00851800040181,0.0
18007,00861805040182,0.0
18008,01011800040197,0.0
18009,01081800040204,-0.0
18010,01091800040205,-0.0
18011,01101800040206,-0.0
18012,01121801040208,-0.0
18013,01191800040215,0.0
18014,01201805040216,0.0
18015,01221805040218,-0.0
18016,01441804040220,-0.0
18017,01451800040221,0.0
18018,01461804040222,0.0
18019,01471804040223,0.0
18020,01481804040224,0.0
18021,01491804040225,0.0
18022,01501804040226,-0.0
18023,01511804040227,-0.0
18024,01521804040228,0.0
18025,01531804040229,0.0
18026,01541804040230,-0.0
18027,01551804040231,-0.0
18028,01571800040233,-0.0
18029,01581800040234,-0.0
18030,01591800040235,-0.0
18031,01601800040236,-0.0
18032,01611804040237,0.0
18033,01651800040241,0.0
18034,01661805040242,0.0
18035,01671804040243,-0.0
18036,01681804040244,-0.0
18037,01711805040247,0.0
18038,01721805040248,0.0
18039,02111800040287,0.0
18040,02121800040288,0.0
18041,02131800040289,0.0
18042,02151800040291,0.0
18043,02171800040293,-0.0
18044,02191805040295,0.0
18045,02201805040296,0.0
18046,02211800040297,-0.0
18047,02221800040298,-0.0
18048,02241800040300,0.0
18049,02251805040301,0.0
18050,02331800040309,-0.0
18051,02341800040310,-0.0
18052,02371805040313,-0.0
18053,02391800040315,0.0
18054,02421800040318,-0.0
18055,02431800040319,-0.0
18056,02441800040320,-0.0
18057,02451800040321,0.0
18058,02461800040322,0.0
18059,02471800040323,0.0
18060,02481800040324,0.0
18061,02491800040325,0.0
18062,02501800040326,0.0
18063,02771804040373,-0.0
18064,02801800040376,-0.0
18065,02811800040377,-0.0
18066,02821800040378,-0.0
18067,02831800040379,-0.0
18068,02841800040380,0.0
18069,02851800040381,0.0
18070,02861800040382,0.0
18071,02901801040385,0.0
18072,03021805040398,-0.0
18073,03031800040399,0.0
18074,03041800040400,-0.0
18075,03051800040401,-0.0
18076,03071800040402,0.0
18077,03061800040403,0.0
18078,03081800040404,0.0
18079,03091800040405,0.0
18080,03101800040406,0.0
18081,03111800040407,-0.0
18082,03121800040408,0.0
18083,03131800040409,0.0
18084,03511800040447,-0.0
18085,03521800040448,-0.0
18086,03531800040449,-0.0
18087,03541800040450,-0.0
18088,03551800040451,-0.0
18089,03561800040452,-0.0
18090,03571800040453,-0.0
18091,03581800040454,-0.0
18092,03591800040455,-0.0
18093,03601800040456,0.0
18094,03611800040457,0.0
18095,03621800040458,0.0
18096,03631800040459,-0.0
18097,03641800040460,-0.0
18098,03651800040461,-0.0
18099,03661800040462,-0.0
18100,03761800040472,-0.0
18101,03821800040478,-0.0
18102,03831805040479,-0.0
18103,03841805040480,0.0
18104,03851804040481,0.0
18105,03861805040482,0.0
18106,03871800040483,0.0
18107,03881805040485,0.0
18108,03901805040486,0.0
18109,03911804040487,0.0
18110,03921805040488,0.0
18111,03931800040489,-0.0
18112,03941805040490,-0.0
18113,03951804040491,-0.0
18114,04101800040505,-0.0
18115,04131804040508,0.0
18116,04051804040509,-0.0
18117,04141800040510,0.0
18118,04151800040511,0.0
18119,04161805040512,0.0
18120,04171804040513,0.0
18121,04331800040529,0.0
18122,04341800040530,0.0
18123,04371800040533,-0.0
18124,04381800040534,-0.0
18125,04391804040535,-0.0
18126,04411805040537,0.0
18127,04421800040538,0.0
18128,04431805040539,0.0
18129,04441800040540,0.0
18130,04451805040541,0.0
18131,04461800040542,-0.0
18132,04471804040543,-0.0
18133,04481800040544,0.0
18134,04501800040546,0.0
18135,04511800040547,0.0
18136,04521805040548,-0.0
18137,04541805040550,-0.0
18138,04551805040551,-0.0
18139,04571805040553,-0.0
18140,04601805040556,0.0
18141,04621805040558,0.0
18142,04631805040559,-0.0
18143,04741800040560,0.0
18144,04751800040561,0.0
18145,04761805040562,0.0
18146,04771804040563,0.0
18147,04641805040565,-0.0
18148,04651804040566,0.0
18149,04671805040568,-0.0
18150,04691804040570,0.0
18151,04701805040571,0.0
18152,04711804040572,0.0
18153,04721805040573,0.0
18154,04731805040574,-0.0
18155,04801805040576,0.0
18156,04811805040577,0.0
18157,04821805040578,0.0
18158,04831800040579,-0.0
18159,04841800040580,0.0
18160,04851800040581,-0.0
18161,04861800040582,-0.0
18162,04871800040583,-0.0
18163,04881800040584,-0.0
18164,04891800040585,-0.0
18165,04971800040593,-0.0
18166,04991805040595,-0.0
18167,05001805040596,0.0
18168,05011800040597,-0.0
18169,05021805040598,-0.0
18170,05031804040599,0.0
18171,05041800040600,-0.0
18172,05061805040602,-0.0
18173,05071804040603,0.0
18174,05131800040609,0.0
18175,05141805040610,-0.0
18176,05161805040612,-0.0
18177,05171800040613,-0.0
18178,05181800040614,-0.0
18179,05191805040615,-0.0
18180,05211805040617,-0.0
18181,05221804040618,0.0
18182,05251805040621,-0.0
18183,05311800040622,0.0
18184,05261800040623,0.0
18185,05271805040624,-0.0
18186,05281804040625,0.0
18187,05301805040627,-0.0
18188,05321805040628,-0.0
18189,05431800040639,-0.0
18190,05441800040640,-0.0
18191,05451800040641,0.0
18192,05461805040642,0.0
18193,05501800040646,0.0
18194,05521800040648,0.0
18195,05531805040649,0.0
18196,05541804040650,0.0
18197,05551805040651,0.0
18198,05561800040652,0.0
18199,05571804040654,0.0
18200,05591805040655,0.0
18201,05601804040656,0.0
18202,05611804040657,0.0
18203,05661800040662,-0.0
18204,05741800040670,0.0
18205,05771805040673,0.0
18206,05781805040674,-0.0
18207,05791800040675,-0.0
18208,05811805040677,-0.0
18209,05821804040678,0.0
18210,05851800040679,-0.0
18211,05831800040680,-0.0
18212,05841800040681,-0.0
18213,05871800040683,-0.0
18214,05881800040684,0.0
18215,05891800040685,0.0
18216,05901800040686,0.0
18217,05911803040687,-0.0
18218,05921803040688,-0.0
18219,05931803040689,-0.0
18220,05941800040690,-0.0
18221,05961805040692,-0.0
18222,06031800040699,0.0
18223,06041800040700,0.0
18224,06061800040702,0.0
18225,06071800040703,0.0
18226,06091800040705,-0.0
18227,06101800040706,0.0
18228,06121800040708,0.0
18229,06201800040716,-0.0
18230,06231800040719,-0.0
18231,06241800040720,-0.0
18232,06251800040721,0.0
18233,06261800040722,-0.0
18234,06271800040723,-0.0
18235,06281800040724,0.0
18236,06291800040725,-0.0
18237,06301800040726,-0.0
18238,06311800040727,0.0
18239,06411800040737,0.0
18240,06441804040740,0.0
18241,06461804040742,-0.0
18242,06531804040749,-0.0
18243,06541801040750,-0.0
18244,06551801040751,-0.0
18245,06561801040752,-0.0
18246,06571800040753,-0.0
18247,06581800040754,0.0
18248,06601805040756,0.0
18249,06681804040764,0.0
18250,06771800040773,0.0
18251,06861800040782,-0.0
18252,06881800040784,-0.0
18253,06901805040786,-0.0
18254,06931800040789,0.0
18255,06941805040790,0.0
18256,06951800040791,-0.0
18257,06971800040793,-0.0
18258,06981800040794,0.0
18259,06991804040795,0.0
18260,07001804040796,0.0
18261,07011800040797,0.0
18262,07021800040798,-0.0
18263,07031800040799,-0.0
18264,07041800040800,0.0
18265,07051800040801,0.0
18266,07061800040802,-0.0
18267,07071800040803,-0.0
18268,07081800040804,-0.0
18269,07101800040806,0.0
18270,07121804040808,0.0
18271,07131804040809,0.0
18272,07141800040810,0.0
18273,07151800040811,0.0
18274,07161800040812,-0.0
18275,07171800040813,0.0
18276,07181800040814,0.0
18277,07191800040815,-0.0
18278,07231800040819,0.0
18279,07251800040821,0.0
18280,07261800040822,-0.0
18281,07271804040823,-0.0
18282,07291804040825,0.0
18283,07301804040826,0.0
18284,07311804040827,0.0
18285,07321804040828,0.0
18286,07331804040829,0.0
18287,07341804040830,-0.0
18288,07351804040831,-0.0
18289,07361800040832,0.0
18290,07371800040833,-0.0
18291,07381803040834,-0.0
18292,07391803040835,0.0
18293,07401800040836,0.0
18294,07411801040837,0.0
18295,07421801040838,0.0
18296,07431800040839,-0.0
18297,07441800040840,-0.0
18298,07451800040841,-0.0
18299,07461800040842,-0.0
18300,07471800040843,-0.0
18301,07511800040847,-0.0
18302,07521800040848,-0.0
18303,07531800040849,0.0
18304,07551801040851,0.0
18305,07561801040852,0.0
18306,07571801040853,-0.0
18307,07581801040854,-0.0
18308,07591801040855,-0.0
18309,07601801040856,-0.0
18310,07611801040857,-0.0
18311,07621801040858,-0.0
18312,07631801040859,-0.0
18313,07681800040864,-0.0
18314,07801805040867,-0.0
18315,08141805040901,-0.0
18316,08151805040902,0.0
18317,08281805040915,0.0
18318,08381801040925,-0.0
18319,07691800040926,-0.0
18320,07701805040927,0.0
18321,08691805040965,0.0
18322,08701805040966,-0.0
18323,08711804040967,0.0
18324,08721805040968,-0.0
18325,08731805040969,-0.0
18326,08741804040970,-0.0
18327,08751805040971,-0.0
18328,08761805040972,-0.0
18329,08801800040976,-0.0
18330,08811804040977,-0.0
18331,08821804040978,0.0
18332,08831804040979,0.0
18333,08841804040980,-0.0
18334,08851804040981,0.0
18335,08861804040982,-0.0
18336,08871804040983,-0.0
18337,08881804040984,0.0
18338,08891804040985,-0.0
18339,08901801040986,0.0
18340,08911801040987,-0.0
18341,08921801040988,-0.0
18342,08931801040989,0.0
18343,08941801040990,-0.0
18344,08951800040991,-0.0
18345,08961801040992,-0.0
18346,08981801040994,-0.0
18347,09021800040998,0.0
18348,09031800040999,0.0
18349,09041800041000,0.0
18350,09111800041007,-0.0
18351,09121800041008,0.0
18352,09131800041009,0.0
18353,09361805041016,0.0
18354,09371805041017,-0.0
18355,09411800041021,0.0
18356,09441800041024,-0.0
18357,09471800041027,0.0
18358,09501800041030,0.0
18359,09561800041036,-0.0
18360,09631805041043,0.0
18361,09641800041044,0.0
18362,09651805041045,0.0
18363,09661805041046,0.0
18364,09691800041056,-0.0
18365,09701800041057,0.0
18366,09711800041058,-0.0
18367,09731800041060,-0.0
18368,09741800041061,-0.0
18369,09811800041062,-0.0
18370,09821800041063,-0.0
18371,09751800041064,-0.0
18372,09761801041065,-0.0
18373,09771800041066,-0.0
18374,09781801041067,-0.0
18375,09791800041068,-0.0
18376,09801801041069,-0.0
18377,09831800041070,-0.0
18378,09841800041071,-0.0
18379,09851800041072,-0.0
18380,09861800041073,-0.0
18381,09871800041074,-0.0
18382,09881800041075,-0.0
18383,09891800041076,-0.0
18384,09901801041077,-0.0
18385,09911800041078,-0.0
18386,09921801041079,-0.0
18387,09931800041080,-0.0
18388,09941801041081,-0.0
18389,09951800041082,-0.0
18390,09961800041083,-0.0
18391,09971800041084,-0.0
18392,09981800041085,-0.0
18393,09991800041086,0.0
18394,10001800041087,0.0
18395,10071800041094,0.0
18396,10081800041095,0.0
18397,10091800041096,-0.0
18398,10121800041099,-0.0
18399,10131800041100,0.0
18400,10141801041101,0.0
18401,10151800041102,0.0
18402,10161801041103,0.0
18403,10171800041104,0.0
18404,10181801041105,0.0
18405,10191800041106,-0.0
18406,10201800041107,-0.0
18407,10211800041108,0.0
18408,10221800041109,0.0
18409,10231800041110,0.0
18410,10241800041111,0.0
18411,10251800041112,0.0
18412,10261800041113,0.0
18413,10281800041115,-0.0
18414,10291801041116,0.0
18415,10301800041117,-0.0
18416,10311801041118,0.0
18417,10321800041119,0.0
18418,10351801041122,0.0
18419,10361800041123,0.0
18420,10371801041124,-0.0
18421,10381800041125,-0.0
18422,10401805041127,0.0
18423,09311805041146,-0.0
18424,09321805041147,-0.0
18425,10531802041149,-0.0
18426,10601800041153,0.0
18427,10611800041154,-0.0
18428,10621800041155,-0.0
18429,10631800041156,-0.0
18430,10681800041164,0.0
18431,10771800041173,-0.0
18432,10801800041176,-0.0
18433,10871805041183,0.0
18434,10971805041193,0.0
18435,10981805041194,0.0
18436,11021801041198,0.0
18437,11031801041199,-0.0
18438,11041801041200,0.0
18439,11051801041201,-0.0
18440,11241800041220,-0.0
18441,11441800041240,0.0
18442,11461800041242,0.0
18443,11471800041243,0.0
18444,11481805041244,0.0
18445,11521800041248,0.0
18446,11531800041249,0.0
18447,11541800041250,0.0
18448,11551800041251,0.0
18449,11561800041252,0.0
18450,11591800041255,0.0
18451,11601804041256,-0.0
18452,11651800041261,0.0
18453,11661800041262,0.0
18454,11671805041263,0.0
18455,11701800041266,-0.0
18456,11731800041269,0.0
18457,11751800041271,-0.0
18458,11761800041272,-0.0
18459,11771800041273,0.0
18460,11781800041274,0.0
18461,11821801041278,-0.0
18462,11831800041279,-0.0
18463,12111800041307,0.0
18464,12221805041318,0.0
18465,12231805041319,0.0
18466,12261800041322,-0.0
18467,12271800041323,-0.0
18468,12281800041324,-0.0
18469,12291805041325,0.0
18470,12301805041326,0.0
18471,12311800041327,0.0
18472,12321800041328,0.0
18473,12331805041329,0.0
18474,12341804041330,0.0
18475,12351802041331,0.0
18476,12371800041333,0.0
18477,12381800041334,0.0
18478,12391800041335,-0.0
18479,12401800041336,-0.0
18480,12411800041337,-0.0
18481,12431800041339,0.0
18482,12451800041341,-0.0
18483,12471800041343,-0.0
18484,12581800041354,0.0
18485,12601800041356,0.0
18486,12631800041359,-0.0
18487,12641805041360,0.0
18488,12651800041361,-0.0
18489,12671800041363,0.0
18490,12681805041364,0.0
18491,12691800041365,-0.0
18492,12701800041366,-0.0
18493,12711800041367,-0.0
18494,12721804041368,0.0
18495,12751800041371,-0.0
18496,12761800041372,-0.0
18497,12771800041373,0.0
18498,12781800041374,-0.0
18499,12801800041376,0.0
18500,12811800041377,0.0
18501,12821800041378,0.0
18502,12841800041380,0.0
18503,12861800041382,0.0
18504,12871800041383,-0.0
18505,12881800041384,0.0
18506,12921805041388,0.0
18507,12931804041389,0.0
18508,13271800041423,-0.0
18509,13281800041424,-0.0
18510,13291800041425,-0.0
18511,13321804041428,-0.0
18512,13331800041429,0.0
18513,13341804041430,0.0
18514,13351804041431,0.0
18515,13361800041432,0.0
18516,13371800041433,0.0
18517,13391805041435,0.0
18518,13401805041436,0.0
18519,13411805041437,0.0
18520,13431800041439,0.0
18521,13441800041440,-0.0
18522,13621800041458,0.0
18523,13631800041459,0.0
18524,13641800041460,0.0
18525,13651800041461,0.0
18526,13661800041462,-0.0
18527,13671800041463,0.0
18528,13681800041464,-0.0
18529,13691800041465,0.0
18530,13711800041467,0.0
18531,13821800041478,0.0
18532,13831800041479,0.0
18533,13861800041482,0.0
18534,13871800041483,0.0
18535,13881800041484,0.0
18536,13891800041485,0.0
18537,13901800041486,0.0
18538,13911800041487,0.0
18539,13921800041488,0.0
18540,13931800041489,0.0
18541,13981801041494,0.0
18542,13991800041495,0.0
18543,14001800041496,0.0
18544,14071800041503,0.0
18545,14081800041504,0.0
18546,14091800041505,0.0
18547,14111800041507,-0.0
18548,14121800041508,-0.0
18549,14131800041509,-0.0
18550,14141800041510,-0.0
18551,14151800041511,0.0
18552,14161800041512,0.0
18553,14171800041513,0.0
18554,14201803041516,0.0
18555,14311800041527,-0.0
18556,00052000041532,-0.0
18557,00062000041533,0.0
18558,00072000041534,-0.0
18559,00242000041551,0.0
18560,00252005041552,0.0
18561,00262000041553,0.0
18562,00272005041554,0.0
18563,00282000041555,-0.0
18564,00292005041556,0.0
18565,00302000041557,-0.0
18566,00312005041558,0.0
18567,00322000041559,-0.0
18568,00332004041560,0.0
18569,00342000041561,0.0
18570,00352005041562,0.0
18571,00362000041563,-0.0
18572,00372005041564,0.0
18573,00382000041565,0.0
18574,00392004041566,0.0
18575,00422004041569,0.0
18576,00432000041570,0.0
18577,00462000041573,-0.0
18578,00472005041574,0.0
18579,00482000041575,-0.0
18580,00492005041576,0.0
18581,00502001041577,-0.0
18582,00512000041578,-0.0
18583,00562000041583,0.0
18584,00572000041584,0.0
18585,00582000041585,-0.0
18586,00602000041587,-0.0
18587,00612004041588,-0.0
18588,00622000041589,0.0
18589,00632000041590,0.0
18590,00642000041591,-0.0
18591,00662005041593,0.0
18592,00672004041594,0.0
18593,00682005041595,-0.0
18594,00692005041596,0.0
18595,00702005041597,-0.0
18596,00722000041599,-0.0
18597,00742000041601,0.0
18598,00752000041602,0.0
18599,00762004041603,0.0
18600,00812004041608,0.0
18601,00822000041609,-0.0
18602,00832004041610,-0.0
18603,00842004041611,-0.0
18604,00852000041613,-0.0
18605,00862005041614,-0.0
18606,00872003041615,0.0
25651,02490700058653,-0.0
18608,01012000041629,-0.0
18609,01082000041636,-0.0
18610,01092000041637,-0.0
18611,01102000041638,-0.0
18612,01122001041640,-0.0
18613,01152000041643,0.0
18614,01162000041644,0.0
18615,01192000041647,0.0
18616,01202005041648,0.0
18617,01212000041649,-0.0
18618,01442004041652,0.0
18619,01452000041653,-0.0
18620,01462004041654,-0.0
18621,01472004041655,-0.0
18622,01492004041657,0.0
18623,01502004041658,0.0
18624,01512004041659,-0.0
18625,01522004041660,0.0
18626,01532004041661,-0.0
18627,01542004041662,0.0
18628,01552004041663,0.0
18629,01572000041665,-0.0
18630,01592000041667,0.0
18631,01602000041668,-0.0
18632,01612004041669,-0.0
18633,01672004041675,-0.0
18634,01682004041676,-0.0
18635,01692005041677,0.0
18636,01712005041679,-0.0
18637,01722005041680,-0.0
18638,02032000041711,0.0
18639,02072005041715,0.0
18640,02082005041716,0.0
18641,02102000041718,-0.0
18642,02112000041719,-0.0
18643,02142000041722,0.0
18644,02172000041725,0.0
18645,02192005041727,0.0
18646,02202005041728,0.0
18647,02212000041729,-0.0
18648,02222000041730,-0.0
18649,02242000041732,-0.0
18650,02252005041733,0.0
18651,02322000041740,0.0
18652,02332000041741,-0.0
18653,02342000041742,-0.0
18654,02372005041745,-0.0
18655,02392000041747,0.0
18656,02422000041750,0.0
18657,02432000041751,0.0
18658,02442000041752,0.0
18659,02452000041753,0.0
18660,02462000041754,0.0
18661,02472000041755,0.0
18662,02482000041756,0.0
18663,02492000041757,0.0
18664,02502000041758,0.0
18665,02772004041805,0.0
18666,02782000041806,-0.0
18667,02792005041807,-0.0
18668,02842000041812,0.0
18669,02852000041813,0.0
18670,02862000041814,0.0
18671,02872000041815,-0.0
18672,02882005041816,-0.0
18673,02902001041817,-0.0
18674,02892005041821,-0.0
18675,02952000041823,-0.0
18676,03042000041832,0.0
18677,03052000041833,0.0
18678,03072000041834,0.0
18679,03062000041835,0.0
18680,03082000041836,-0.0
18681,03092000041837,0.0
18682,03102000041838,0.0
18683,03112000041839,-0.0
18684,03122000041840,0.0
18685,03132000041841,-0.0
18686,03512000041879,-0.0
18687,03522000041880,-0.0
18688,03532000041881,-0.0
18689,03542000041882,0.0
18690,03552000041883,-0.0
18691,03562000041884,0.0
18692,03572000041885,-0.0
18693,03582000041886,0.0
18694,03592000041887,-0.0
18695,03602000041888,0.0
18696,03612000041889,-0.0
18697,03622000041890,0.0
18698,03632000041891,-0.0
18699,03642000041892,-0.0
18700,03662000041894,-0.0
18701,03672000041895,-0.0
18702,03682000041896,-0.0
18703,03692000041897,0.0
18704,03702000041898,0.0
18705,03712000041899,0.0
18706,03722000041900,0.0
18707,03732000041901,0.0
18708,03742000041902,0.0
18709,03762000041904,-0.0
18710,03822000041910,0.0
18711,03832005041911,0.0
18712,03842005041912,0.0
18713,03852004041913,0.0
18714,03862005041914,-0.0
18715,03872000041915,-0.0
18716,03892000041916,0.0
18717,03882005041917,0.0
18718,03902005041918,-0.0
18719,03912004041919,0.0
18720,03922005041920,0.0
18721,03942005041922,-0.0
18722,03952004041923,-0.0
18723,04112001041938,-0.0
18724,04122000041939,-0.0
18725,04132004041940,-0.0
18726,04052004041941,0.0
18727,04142000041942,0.0
18728,04152000041943,0.0
18729,04162005041944,0.0
18730,04172004041945,0.0
18731,04332000041961,-0.0
18732,04342000041962,-0.0
18733,04352001041963,0.0
18734,04372000041965,0.0
18735,04392004041967,0.0
18736,04412005041969,-0.0
18737,04432005041971,0.0
18738,04442000041972,0.0
18739,04452005041973,0.0
18740,04462000041974,-0.0
18741,04472004041975,-0.0
18742,04482000041976,0.0
18743,04502000041978,0.0
18744,04512000041979,-0.0
18745,04522005041980,0.0
18746,04532004041981,0.0
18747,04542005041982,-0.0
18748,04552005041983,-0.0
18749,04562000041984,0.0
18750,04572005041985,0.0
18751,04582004041986,0.0
18752,04592000041987,0.0
18753,04602005041988,0.0
18754,04622005041990,0.0
18755,04632005041991,0.0
18756,04742000041992,0.0
18757,04762005041994,0.0
18758,04772004041995,0.0
18759,04642005041997,0.0
18760,04652004041998,0.0
18761,04662000041999,0.0
18762,04672005042000,0.0
18763,04682000042001,0.0
18764,04692004042002,-0.0
18765,04702005042003,0.0
18766,04712004042004,-0.0
18767,04722005042005,0.0
18768,04732005042006,0.0
18769,04792000042007,-0.0
18770,04802005042008,-0.0
18771,04812005042009,0.0
18772,04822005042010,0.0
18773,04832000042011,0.0
18774,04842000042012,0.0
18775,04852000042013,0.0
18776,04862000042014,0.0
18777,04872000042015,0.0
18778,04882000042016,-0.0
18779,04942000042022,-0.0
18780,04952005042023,0.0
18781,04972000042025,0.0
18782,04992005042027,0.0
18783,05002005042028,0.0
18784,05012000042029,-0.0
18785,05022005042030,-0.0
18786,05032004042031,0.0
18787,05042000042032,0.0
18788,05062005042034,0.0
18789,05072004042035,0.0
18790,05082000042036,0.0
18791,05092005042037,0.0
18792,05142005042042,0.0
18793,05152004042043,0.0
18794,05162005042044,-0.0
18795,05192005042047,-0.0
18796,05202004042048,0.0
18797,05212005042049,0.0
18798,05222004042050,0.0
18799,05252005042053,0.0
18800,05312000042054,0.0
18801,05262000042055,0.0
18802,05272005042056,0.0
18803,05282004042057,0.0
18804,05292000042058,0.0
18805,05302005042059,-0.0
18806,05322005042060,0.0
18807,05432000042071,-0.0
18808,05442000042072,-0.0
18809,05452000042073,-0.0
18810,05462005042074,0.0
18811,05502000042078,0.0
18812,05512000042079,0.0
18813,05522000042080,0.0
18814,05532005042081,0.0
18815,05542004042082,0.0
18816,05552005042083,0.0
18817,05562000042084,-0.0
25650,02480700058652,0.0
18819,05572004042086,0.0
18820,05592005042087,0.0
18821,05602004042088,0.0
18822,05612004042089,0.0
18823,05652000042093,-0.0
18824,05662000042094,0.0
18825,05742000042102,0.0
18826,05772005042105,-0.0
18827,05782005042106,-0.0
18828,05792000042107,-0.0
25649,02470700058651,0.0
18830,05812005042109,0.0
18831,05822004042110,0.0
18832,05852000042111,-0.0
18833,05832000042112,-0.0
18834,05842000042113,-0.0
18835,05872000042115,0.0
18836,05882000042116,-0.0
18837,05892000042117,0.0
18838,05902000042118,-0.0
18839,05962005042124,0.0
18840,06042000042132,0.0
18841,06052000042133,0.0
18842,06062000042134,0.0
18843,06072000042135,0.0
18844,06082000042136,0.0
18845,06092000042137,0.0
18846,06102000042138,0.0
18847,06112000042139,0.0
18848,06122000042140,0.0
18849,06172000042145,-0.0
18850,06182000042146,-0.0
18851,06192000042147,0.0
18852,06202000042148,0.0
18853,06212000042149,0.0
18854,06222000042150,0.0
18855,06232000042151,-0.0
18856,06242000042152,-0.0
18857,06252000042153,-0.0
18858,06262000042154,-0.0
18859,06272000042155,-0.0
18860,06282000042156,0.0
18861,06292000042157,-0.0
18862,06302000042158,-0.0
18863,06312000042159,-0.0
18864,06322000042160,0.0
18865,06332000042161,0.0
18866,06342000042162,0.0
18867,06352000042163,-0.0
18868,06362000042164,-0.0
18869,06372000042165,-0.0
18870,06382000042166,0.0
18871,06392000042167,0.0
18872,06402000042168,0.0
18873,06412000042169,-0.0
18905,07052000042233,0.0
18874,06422004042170,0.0
18875,06442004042172,0.0
18876,06462004042174,-0.0
18877,06522000042180,-0.0
18878,06532004042181,0.0
18879,06542001042182,0.0
18880,06552001042183,0.0
18881,06562001042184,0.0
18882,06572000042185,-0.0
18883,06582000042186,0.0
18884,06602005042188,-0.0
18885,06682004042196,-0.0
18886,06772000042205,0.0
18888,06862000042214,0.0
18889,06872000042215,0.0
18921,07232000042251,-0.0
18890,06882000042216,-0.0
18891,06892000042217,0.0
18892,06902005042218,0.0
18893,06912004042219,0.0
18894,06932000042221,0.0
18895,06942005042222,0.0
18896,06952000042223,-0.0
18897,06972000042225,0.0
18898,06982000042226,0.0
18899,06992004042227,0.0
18900,07002004042228,0.0
18901,07012000042229,-0.0
18902,07022000042230,-0.0
18903,07032000042231,0.0
18904,07042000042232,-0.0
18937,07432000042271,0.0
18906,07062000042234,-0.0
18907,07082000042236,0.0
18908,07092000042237,-0.0
18909,07102000042238,-0.0
18910,07122004042240,0.0
18911,07132004042241,0.0
18912,07142000042242,0.0
18913,07152000042243,-0.0
18914,07162000042244,-0.0
18915,07172000042245,-0.0
18916,07182000042246,0.0
18917,07192000042247,0.0
18918,07202000042248,0.0
18919,07212000042249,0.0
18920,07222000042250,-0.0
18953,07632001042291,-0.0
18922,07252000042253,-0.0
18923,07262000042254,-0.0
18924,07272004042255,-0.0
18925,07292004042257,-0.0
18926,07302004042258,-0.0
18927,07312004042259,-0.0
18928,07322004042260,-0.0
18929,07332004042261,0.0
18930,07342004042262,-0.0
18931,07352004042263,0.0
18932,07372000042265,-0.0
18933,07382003042266,0.0
18934,07392003042267,0.0
18935,07412001042269,0.0
18936,07422001042270,0.0
18969,08692005042397,0.0
18938,07442000042272,-0.0
18939,07452000042273,-0.0
18940,07462000042274,-0.0
18941,07472000042275,-0.0
18942,07512000042279,-0.0
18943,07522000042280,0.0
18944,07532000042281,-0.0
18945,07552001042283,0.0
18946,07562001042284,-0.0
18947,07572001042285,-0.0
18948,07582001042286,-0.0
18949,07592001042287,-0.0
18950,07602001042288,0.0
18951,07612001042289,-0.0
18952,07622001042290,-0.0
18985,08902001042418,-0.0
18954,07682000042296,-0.0
18955,07782000042297,-0.0
18956,07792005042298,-0.0
18957,07802005042299,0.0
18958,08142005042333,-0.0
18959,08152005042334,0.0
18960,08172005042336,-0.0
18961,08282005042347,0.0
18962,08292000042348,-0.0
18963,08302005042349,-0.0
18964,08362000042355,-0.0
18965,08382001042357,-0.0
18966,07692000042358,-0.0
18967,07702005042359,-0.0
18968,07722005042361,0.0
19001,09112000042439,-0.0
18970,08702005042398,0.0
18971,08712004042399,0.0
18972,08722005042400,-0.0
18973,08732005042401,-0.0
18974,08742004042402,-0.0
18975,08752005042403,-0.0
18976,08762005042404,-0.0
18977,08822004042410,-0.0
18978,08832004042411,-0.0
18979,08842004042412,-0.0
18980,08852004042413,-0.0
18981,08862004042414,-0.0
18982,08872004042415,0.0
18983,08882004042416,0.0
18984,08892004042417,0.0
19017,09602000042472,0.0
18986,08912001042419,-0.0
18987,08922001042420,-0.0
18988,08932001042421,-0.0
18989,08942001042422,-0.0
18990,08952000042423,-0.0
18991,08962001042424,-0.0
18992,08982001042426,-0.0
18993,09002005042428,-0.0
18994,09012004042429,-0.0
18995,09022000042430,0.0
18996,09032000042431,-0.0
18997,09042000042432,0.0
18998,09062005042434,0.0
18999,09082000042436,0.0
19000,09092005042437,0.0
19033,09782001042499,-0.0
19002,09122000042440,0.0
19003,09132000042441,0.0
19004,09332000042445,0.0
19005,09342000042446,-0.0
19006,09352000042447,-0.0
19007,09362005042448,-0.0
19008,09372005042449,0.0
19009,09412000042453,0.0
19010,09442000042456,-0.0
19011,09472000042459,0.0
19012,09502000042462,0.0
19013,09562000042468,0.0
19014,09572000042469,0.0
19015,09582000042470,0.0
19016,09592000042471,-0.0
19049,09972000042516,0.0
19018,09612000042473,0.0
19019,09622000042474,-0.0
19020,09632005042475,0.0
19021,09642000042476,-0.0
19022,09652005042477,-0.0
19023,09662005042478,0.0
19024,09672001042479,0.0
19025,09702000042489,0.0
19026,09722000042491,-0.0
19027,09742000042493,-0.0
19028,09812000042494,-0.0
19029,09822000042495,-0.0
19030,09752000042496,-0.0
19031,09762001042497,-0.0
19032,09772000042498,-0.0
19065,10152000042534,0.0
19034,09792000042500,-0.0
19035,09802001042501,-0.0
19036,09832000042502,0.0
19037,09842000042503,0.0
19038,09852000042504,-0.0
19039,09862000042505,-0.0
19040,09872000042506,-0.0
19041,09882000042507,-0.0
19042,09892000042508,-0.0
19043,09902001042509,-0.0
19044,09922001042511,-0.0
19045,09932000042512,-0.0
19046,09942001042513,-0.0
19047,09952000042514,0.0
19048,09962000042515,0.0
19081,10312001042550,0.0
19050,09982000042517,0.0
19051,09992000042518,-0.0
19052,10002000042519,-0.0
19053,10012000042520,-0.0
19054,10022000042521,-0.0
19055,10052000042524,-0.0
19056,10062000042525,-0.0
19057,10072000042526,-0.0
19058,10082000042527,-0.0
19059,10092000042528,-0.0
19060,10102000042529,-0.0
19061,10112000042530,0.0
19062,10122000042531,0.0
19063,10132000042532,0.0
19064,10142001042533,0.0
19097,10922002042620,0.0
19066,10162001042535,0.0
19067,10172000042536,0.0
19068,10182001042537,0.0
19069,10192000042538,0.0
19070,10202000042539,0.0
19071,10212000042540,0.0
19072,10222000042541,0.0
19073,10232000042542,0.0
19074,10242000042543,0.0
19075,10252000042544,0.0
19076,10262000042545,0.0
19077,10272001042546,0.0
19078,10282000042547,-0.0
19079,10292001042548,-0.0
19080,10302000042549,-0.0
19113,11502001042678,0.0
19082,10322000042551,0.0
19083,10352001042554,0.0
19084,10362000042555,-0.0
19085,10372001042556,0.0
19086,10382000042557,0.0
19087,10392001042558,0.0
19088,10422005042561,0.0
19089,09312005042578,-0.0
19090,09322005042579,0.0
19091,10612000042586,-0.0
19092,10622000042587,-0.0
19093,10632000042588,-0.0
19094,10682000042596,-0.0
19095,10772000042605,0.0
19096,10802000042608,0.0
19129,11752000042703,0.0
19098,10942002042622,0.0
19099,10952000042623,-0.0
19100,10972005042625,0.0
19101,10982005042626,0.0
19102,11022001042630,-0.0
19103,11032001042631,-0.0
19104,11042001042632,0.0
19105,11052001042633,-0.0
19106,11242000042652,-0.0
19107,11432000042671,-0.0
19108,11442000042672,0.0
19109,11452000042673,0.0
19110,11462000042674,-0.0
19111,11472000042675,-0.0
19112,11492000042677,0.0
19145,12072000042735,-0.0
19114,11522000042680,0.0
19115,11532000042681,0.0
19116,11542000042682,0.0
19117,11552000042683,0.0
19118,11562000042684,0.0
19119,11572000042685,-0.0
19120,11592000042687,0.0
19121,11602004042688,-0.0
19122,11612004042689,-0.0
19123,11652000042693,-0.0
19124,11662000042694,0.0
19125,11682000042696,0.0
19126,11692005042697,0.0
19127,11732000042701,0.0
19128,11742000042702,-0.0
19161,12312000042759,-0.0
19130,11762000042704,0.0
19131,11772000042705,0.0
19132,11782000042706,0.0
19133,11822001042710,0.0
19134,11832000042711,0.0
19135,11842000042712,-0.0
19136,11902000042718,0.0
19137,11922001042720,0.0
19138,11932001042721,0.0
19139,11942000042722,0.0
19140,11962000042724,0.0
19141,11992000042727,0.0
19142,12022000042730,0.0
19143,12042000042732,0.0
19144,12062000042734,0.0
19177,12682005042796,0.0
19146,12082001042736,-0.0
19147,12092000042737,-0.0
19148,12102000042738,-0.0
19149,12112000042739,0.0
19150,12152002042743,-0.0
19151,12172002042745,-0.0
19152,12182000042746,0.0
19153,12192002042747,-0.0
19154,12222005042750,0.0
19155,12232005042751,0.0
19156,12262000042754,-0.0
19157,12272000042755,0.0
19158,12282000042756,0.0
19159,12292005042757,0.0
19160,12302005042758,0.0
19193,12862000042814,-0.0
19162,12322000042760,0.0
19163,12332005042761,0.0
19164,12342004042762,0.0
19165,12352002042763,0.0
25648,02460700058650,0.0
19167,12432000042771,-0.0
19168,12452000042773,-0.0
19169,12472000042775,-0.0
19170,12512000042779,0.0
19171,12522004042780,0.0
19172,12582000042786,0.0
19173,12602000042788,0.0
19174,12632000042791,0.0
19175,12642005042792,0.0
19176,12672000042795,0.0
19206,13032005042831,0.0
19207,13092000042837,0.0
19208,13272000042855,-0.0
19209,13282000042856,-0.0
19178,12692000042797,0.0
19179,12702000042798,0.0
19180,12712000042799,0.0
19181,12722004042800,0.0
19182,12752000042803,0.0
19183,12762000042804,0.0
19184,12772000042805,-0.0
19185,12782000042806,-0.0
19186,12792000042807,-0.0
19187,12802000042808,-0.0
19188,12812000042809,-0.0
19191,12842000042812,-0.0
19222,13622000042890,-0.0
19223,13632000042891,-0.0
19224,13642000042892,-0.0
19225,13652000042893,-0.0
19194,12872000042815,0.0
19195,12882000042816,-0.0
19196,12902000042818,0.0
19197,12912005042819,0.0
19198,12922005042820,0.0
19199,12932004042821,0.0
19200,12962000042824,-0.0
19201,12972000042825,0.0
19202,12982005042826,0.0
19203,13002000042828,0.0
19204,13012005042829,0.0
19205,13022000042830,-0.0
19238,13992000042927,0.0
19239,14002000042928,-0.0
19240,14062000042934,0.0
19241,14072000042935,0.0
19210,13292000042857,-0.0
19211,13322004042860,0.0
19212,13332000042861,0.0
19213,13342004042862,0.0
19214,13352004042863,0.0
19215,13362000042864,0.0
19216,13372000042865,0.0
19217,13392005042867,0.0
19218,13402005042868,0.0
19219,13412005042869,0.0
19220,13432000042871,0.0
19221,13442000042872,-0.0
19254,00252705042984,0.0
19255,00272705042986,0.0
19256,00292705042988,0.0
19257,00312705042990,0.0
19226,13662000042894,0.0
19227,13672000042895,-0.0
19228,13682000042896,0.0
19229,13692000042897,-0.0
19230,13742000042902,-0.0
19231,13782000042906,0.0
19232,13792000042907,-0.0
19233,13802000042908,-0.0
19234,13812000042909,-0.0
19235,13902000042918,-0.0
19236,13912000042919,-0.0
19237,13982001042926,0.0
19270,00502701043009,-0.0
19271,00542701043013,-0.0
19272,00552701043014,0.0
19273,00572700043016,0.0
19242,14082000042936,0.0
19243,14092000042937,0.0
19244,14102000042938,0.0
19245,14112000042939,-0.0
19246,14122000042940,-0.0
19247,14132000042941,-0.0
19248,14142000042942,-0.0
19249,14152000042943,0.0
19250,14162000042944,0.0
19251,14172000042945,0.0
19252,14202003042948,0.0
19253,14312000042959,-0.0
19286,00742700043033,0.0
19287,00752700043034,0.0
19288,00762704043035,0.0
19289,00792700043038,0.0
19258,00322700042991,-0.0
19259,00332704042992,0.0
19260,00342700042993,-0.0
19261,00352705042994,0.0
19262,00362700042995,0.0
19263,00372705042996,0.0
19264,00392704042998,0.0
19265,00412700043000,-0.0
19266,00422704043001,-0.0
19267,00472705043006,0.0
19268,00482700043007,-0.0
19269,00492705043008,0.0
19302,01192700043079,0.0
19303,01202705043080,0.0
19304,01222705043082,-0.0
19305,01442704043084,-0.0
19274,00582700043017,-0.0
19275,00602700043019,-0.0
19276,00612704043020,-0.0
19277,00622700043021,-0.0
19278,00632700043022,-0.0
19279,00642700043023,0.0
19280,00662705043025,0.0
19281,00672704043026,0.0
19282,00682705043027,-0.0
19283,00692705043028,0.0
19284,00722700043031,0.0
19285,00732700043032,-0.0
19318,01612704043101,-0.0
19319,01652700043105,0.0
19320,01662705043106,0.0
19321,01672704043107,-0.0
19290,00812704043040,0.0
19291,00822700043041,0.0
19292,00832704043042,0.0
19293,00842704043043,0.0
19294,00852700043045,-0.0
19295,00862705043046,-0.0
19296,01082700043068,0.0
19297,01092700043069,0.0
19298,01102700043070,0.0
19299,01122701043072,-0.0
19300,01162700043076,0.0
19301,01172700043077,-0.0
19334,02252705043165,0.0
19335,02332700043173,0.0
19336,02342700043174,0.0
19337,02372705043177,0.0
19306,01452700043085,0.0
19307,01462704043086,0.0
19308,01472704043087,0.0
19309,01482704043088,0.0
19310,01492704043089,0.0
19311,01502704043090,-0.0
19312,01542704043094,0.0
19313,01552704043095,0.0
19314,01572700043097,0.0
19315,01582700043098,0.0
19316,01592700043099,0.0
19317,01602700043100,0.0
19350,02842700043244,0.0
19351,02852700043245,0.0
19352,02862700043246,0.0
19353,02872700043247,0.0
19322,01682704043108,0.0
19323,01712705043111,0.0
19324,01722705043112,0.0
19325,02102700043150,-0.0
19326,02112700043151,0.0
19327,02142700043154,0.0
19328,02172700043157,-0.0
19329,02192705043159,0.0
19330,02202705043160,0.0
19331,02212700043161,0.0
19332,02222700043162,0.0
19333,02242700043164,-0.0
19366,03522700043312,-0.0
19367,03532700043313,-0.0
19368,03542700043314,0.0
19369,03552700043315,0.0
19338,02392700043179,0.0
19339,02422700043182,-0.0
19340,02432700043183,-0.0
19341,02442700043184,-0.0
19342,02452700043185,-0.0
19343,02462700043186,0.0
19344,02472700043187,0.0
19345,02482700043188,0.0
19346,02492700043189,-0.0
19347,02502700043190,-0.0
19348,02772704043237,0.0
19349,02792705043239,-0.0
19382,03682700043328,0.0
19383,03762700043336,-0.0
19384,03822700043342,0.0
19385,03832705043343,0.0
19354,02882705043248,0.0
19355,02902701043249,0.0
19356,02892705043253,-0.0
19357,02952700043255,-0.0
19358,03052700043265,0.0
19359,03062700043267,0.0
19360,03082700043268,0.0
19361,03092700043269,0.0
19362,03102700043270,0.0
19363,03122700043272,0.0
19364,03132700043273,0.0
19365,03512700043311,-0.0
19398,04112701043370,-0.0
19399,04122700043371,-0.0
19400,04132704043372,-0.0
19401,04052704043373,0.0
19370,03562700043316,0.0
19371,03572700043317,-0.0
19372,03582700043318,-0.0
19373,03592700043319,-0.0
19374,03602700043320,0.0
19375,03612700043321,0.0
19376,03622700043322,0.0
19377,03632700043323,0.0
19378,03642700043324,0.0
19379,03652700043325,0.0
19380,03662700043326,0.0
19381,03672700043327,0.0
19414,04432705043403,0.0
19415,04462700043406,0.0
19416,04472704043407,0.0
19417,04512700043411,0.0
19386,03842705043344,0.0
19387,03852704043345,0.0
19388,03862705043346,0.0
19389,03872700043347,-0.0
19390,03892700043348,-0.0
19391,03882705043349,0.0
19392,03902705043350,0.0
19393,03912704043351,0.0
19394,03922705043352,0.0
19395,03932700043353,-0.0
19396,03942705043354,-0.0
19397,03952704043355,-0.0
19430,04762705043426,0.0
19431,04772704043427,0.0
19432,04642705043429,0.0
19433,04652704043430,0.0
19402,04142700043374,-0.0
19403,04162705043376,0.0
19404,04172704043377,0.0
19405,04332700043393,0.0
19406,04342700043394,0.0
19407,04352701043395,0.0
19408,04362701043396,-0.0
19409,04372700043397,0.0
19410,04382700043398,0.0
19411,04392704043399,0.0
19412,04402700043400,-0.0
19413,04412705043401,-0.0
19446,04842700043444,0.0
19447,04862700043446,0.0
19448,04882700043448,0.0
19449,04942700043454,-0.0
19418,04522705043412,0.0
19419,04532704043413,0.0
19420,04542705043414,0.0
19421,04552705043415,0.0
19422,04562700043416,0.0
19423,04572705043417,0.0
19424,04582704043418,0.0
19425,04592700043419,0.0
19426,04602705043420,0.0
19427,04622705043422,0.0
19428,04632705043423,0.0
19429,04742700043424,0.0
19462,05152704043475,0.0
19463,05162705043476,0.0
19464,05182700043478,0.0
19465,05192705043479,0.0
19434,04662700043431,-0.0
19435,04672705043432,0.0
19436,04682700043433,0.0
19437,04692704043434,0.0
19438,04702705043435,0.0
19439,04712704043436,0.0
19440,04722705043437,0.0
19441,04732705043438,0.0
19442,04792700043439,-0.0
19443,04812705043441,0.0
19444,04822705043442,0.0
19445,04832700043443,0.0
19478,05512700043511,-0.0
19479,05522700043512,-0.0
19480,05532705043513,0.0
19481,05542704043514,0.0
19450,04952705043455,0.0
19451,04992705043459,0.0
19452,05002705043460,0.0
19453,05012700043461,0.0
19454,05022705043462,0.0
19455,05032704043463,0.0
19456,05042700043464,0.0
19457,05052700043465,0.0
19458,05062705043466,0.0
19459,05072704043467,0.0
19460,05132700043473,0.0
19461,05142705043474,0.0
19494,05812705043541,0.0
19495,05822704043542,0.0
19496,05832700043544,0.0
19497,05842700043545,0.0
19466,05202704043480,0.0
19467,05212705043481,0.0
19468,05222704043482,0.0
19469,05272705043488,0.0
19470,05282704043489,0.0
19471,05302705043491,0.0
19472,05322705043492,0.0
19473,05432700043503,-0.0
19474,05442700043504,-0.0
19475,05452700043505,0.0
19476,05462705043506,0.0
19477,05502700043510,0.0
19510,06242700043584,0.0
19511,06252700043585,0.0
19512,06262700043586,0.0
19513,06272700043587,0.0
19482,05552705043515,0.0
19483,05562700043516,-0.0
19484,05572704043518,0.0
19485,05592705043519,0.0
19486,05602704043520,0.0
19487,05612704043521,0.0
19488,05622701043522,-0.0
19489,05632701043523,0.0
19490,05662700043526,-0.0
19491,05742700043534,0.0
19492,05792700043539,-0.0
19493,05802700043540,0.0
19526,06582700043618,0.0
19527,06682704043628,-0.0
19528,06772700043637,-0.0
19529,06822700043642,0.0
19498,05882700043548,0.0
19499,05902700043550,0.0
19500,05942700043554,-0.0
19501,05952700043555,-0.0
19502,05962705043556,0.0
19503,06062700043566,0.0
19504,06072700043567,0.0
19505,06082700043568,0.0
19506,06122700043572,0.0
19507,06192700043579,-0.0
19508,06202700043580,-0.0
19509,06232700043583,0.0
19542,07012700043661,-0.0
19543,07022700043662,0.0
19544,07032700043663,-0.0
19545,07042700043664,0.0
19514,06282700043588,0.0
19515,06292700043589,0.0
19516,06302700043590,0.0
19517,06312700043591,0.0
19518,06412700043601,0.0
19519,06422704043602,0.0
19520,06462704043606,-0.0
19521,06532704043613,0.0
19522,06542701043614,0.0
19523,06552701043615,0.0
19524,06562701043616,0.0
19525,06572700043617,-0.0
19558,07192700043679,0.0
19559,07202700043680,-0.0
19560,07212700043681,-0.0
19561,07232700043683,0.0
19530,06862700043646,-0.0
19531,06872700043647,0.0
19532,06882700043648,-0.0
19533,06892700043649,0.0
19534,06902705043650,0.0
19535,06912704043651,0.0
19536,06942705043654,0.0
19537,06952700043655,-0.0
19538,06972700043657,-0.0
19539,06982700043658,0.0
19540,06992704043659,0.0
19541,07002704043660,0.0
19574,07432700043703,0.0
19575,07442700043704,-0.0
19576,07452700043705,-0.0
19577,07462700043706,-0.0
19546,07062700043666,-0.0
19547,07072700043667,0.0
19548,07082700043668,0.0
19549,07092700043669,0.0
19550,07102700043670,0.0
19551,07122704043672,0.0
19552,07132704043673,0.0
19553,07142700043674,-0.0
19554,07152700043675,0.0
19555,07162700043676,-0.0
19556,07172700043677,0.0
19557,07182700043678,0.0
19590,07682700043728,-0.0
19591,07802705043731,0.0
19592,08152705043766,0.0
19593,08162705043767,-0.0
19562,07252700043685,-0.0
19563,07292704043689,0.0
19564,07302704043690,-0.0
19565,07312704043691,0.0
19566,07342704043694,-0.0
19567,07362700043696,-0.0
19568,07372700043697,-0.0
19569,07382703043698,0.0
19570,07392703043699,0.0
19571,07402700043700,0.0
19572,07412701043701,0.0
19573,07422701043702,0.0
19606,08732705043833,-0.0
19607,08742704043834,-0.0
19608,08752705043835,0.0
19609,08762705043836,-0.0
19578,07472700043707,-0.0
19579,07512700043711,0.0
19580,07522700043712,-0.0
19581,07552701043715,-0.0
19582,07562701043716,-0.0
19583,07572701043717,-0.0
19584,07582701043718,-0.0
19585,07592701043719,-0.0
19586,07602701043720,-0.0
19587,07612701043721,-0.0
19588,07622701043722,-0.0
19589,07632701043723,-0.0
19622,08942701043854,-0.0
19623,08952700043855,-0.0
19624,08962701043856,-0.0
19625,08982701043858,-0.0
19594,08172705043768,-0.0
19595,08282705043779,-0.0
19596,08362700043787,-0.0
19597,08372705043788,-0.0
19598,08382701043789,0.0
19599,07692700043790,-0.0
19600,07702705043791,0.0
19601,07722705043793,0.0
19602,08692705043829,-0.0
19603,08702705043830,-0.0
19604,08712704043831,-0.0
19605,08722705043832,-0.0
19638,09472700043891,0.0
19639,09502700043894,0.0
19640,09562700043900,0.0
19641,09632705043907,0.0
19610,08802700043840,0.0
19611,08812704043841,0.0
19612,08822704043842,0.0
19613,08832704043843,0.0
19614,08852704043845,0.0
19615,08862704043846,-0.0
19616,08882704043848,0.0
19617,08892704043849,0.0
19618,08902701043850,-0.0
19619,08912701043851,-0.0
19620,08922701043852,-0.0
19621,08932701043853,-0.0
19654,09762701043929,0.0
19655,09772700043930,-0.0
19656,09782701043931,0.0
19657,09792700043932,-0.0
19626,09002705043860,0.0
19627,09012704043861,-0.0
19628,09032700043863,-0.0
19629,09042700043864,-0.0
19630,09052700043865,0.0
19631,09062705043866,0.0
19632,09072700043867,0.0
19633,09112700043871,-0.0
19634,09122700043872,0.0
19635,09132700043873,0.0
19636,09362705043880,0.0
19637,09372705043881,-0.0
19670,09962700043947,-0.0
19671,09972700043948,-0.0
19672,09992700043950,-0.0
19673,10002700043951,-0.0
19642,09642700043908,0.0
19643,09662705043910,0.0
19644,09672701043911,0.0
19645,09692700043920,0.0
19646,09702700043921,0.0
19647,09712700043922,0.0
19648,09722700043923,0.0
19649,09732700043924,-0.0
19650,09742700043925,-0.0
19651,09812700043926,-0.0
19652,09822700043927,-0.0
19653,09752700043928,-0.0
19686,10152700043966,0.0
19687,10162701043967,0.0
19688,10172700043968,0.0
19689,10182701043969,0.0
19658,09802701043933,0.0
19659,09832700043934,-0.0
19660,09842700043935,-0.0
19661,09852700043936,-0.0
19662,09862700043937,-0.0
19663,09872700043938,-0.0
19664,09882700043939,-0.0
19665,09902701043941,0.0
19666,09922701043943,0.0
19667,09932700043944,-0.0
19668,09942701043945,0.0
19669,09952700043946,-0.0
19702,10322700043983,0.0
19703,10352701043986,0.0
19704,10362700043987,-0.0
19705,10372701043988,0.0
19674,10012700043952,-0.0
19675,10022700043953,-0.0
19676,10032700043954,-0.0
19677,10042700043955,-0.0
19678,10072700043958,0.0
19679,10082700043959,0.0
19680,10092700043960,0.0
19681,10102700043961,0.0
19682,10112700043962,0.0
19683,10122700043963,0.0
19684,10132700043964,0.0
19685,10142701043965,0.0
19718,10952700044055,-0.0
19719,10972705044057,0.0
19720,10982705044058,0.0
19721,11022701044062,-0.0
19690,10192700043970,0.0
19691,10202700043971,0.0
19692,10212700043972,0.0
19693,10222700043973,0.0
19694,10232700043974,0.0
19695,10242700043975,0.0
19696,10252700043976,0.0
19697,10262700043977,0.0
19698,10272701043978,0.0
19699,10292701043980,0.0
19700,10302700043981,0.0
19701,10312701043982,0.0
19734,11542700044114,-0.0
19735,11552700044115,-0.0
19736,11592700044119,-0.0
19737,11602704044120,-0.0
19706,10382700043989,0.0
19707,10392701043990,0.0
19708,10402705043991,-0.0
19709,09322705044011,-0.0
19710,10532702044013,-0.0
19711,10602700044017,0.0
19712,10612700044018,0.0
19713,10622700044019,0.0
19714,10632700044020,0.0
19715,10872705044047,0.0
19716,10922702044052,0.0
19717,10942702044054,0.0
19750,11982700044158,-0.0
19751,11992700044159,0.0
19752,12012701044161,-0.0
19753,12022700044162,0.0
19722,11032701044063,-0.0
19723,11042701044064,-0.0
19724,11052701044065,-0.0
19725,11242700044084,0.0
19726,11442700044104,-0.0
19727,11462700044106,0.0
19728,11472700044107,0.0
19729,11482705044108,0.0
19730,11502701044110,-0.0
19731,11512701044111,0.0
19732,11522700044112,0.0
19733,11532700044113,0.0
19766,12302705044190,0.0
19767,12312700044191,0.0
19768,12322700044192,0.0
19769,12332705044193,0.0
19738,11682700044128,-0.0
19739,11692705044129,0.0
19740,11742700044134,0.0
19741,11762700044136,0.0
19742,11782700044138,0.0
19743,11822701044142,0.0
19744,11832700044143,-0.0
19745,11902700044150,-0.0
19746,11922701044152,0.0
19747,11932701044153,-0.0
19748,11942700044154,-0.0
19749,11962700044156,-0.0
19782,12582700044218,0.0
19783,12602700044220,0.0
19784,12632700044223,-0.0
19785,12642705044224,0.0
19754,12042700044164,0.0
19755,12112700044171,0.0
19756,12152702044175,0.0
19757,12172702044177,0.0
19758,12182700044178,0.0
19759,12192702044179,0.0
19760,12222705044182,0.0
19761,12232705044183,0.0
19762,12262700044186,-0.0
19763,12272700044187,-0.0
19764,12282700044188,-0.0
19765,12292705044189,0.0
19798,12822700044242,-0.0
19799,12832700044243,0.0
19800,12842700044244,0.0
19801,12852700044245,-0.0
19770,12342704044194,0.0
19771,12362700044196,0.0
19772,12372700044197,0.0
19773,12382700044198,0.0
19774,12392700044199,-0.0
19775,12402700044200,-0.0
19776,12422700044202,-0.0
19777,12432700044203,-0.0
19778,12442700044204,0.0
19779,12452700044205,0.0
19780,12512700044211,0.0
19781,12522704044212,0.0
19814,13102700044270,0.0
19815,13292700044289,-0.0
19816,13322704044292,-0.0
19817,13332700044293,0.0
19786,12652700044225,-0.0
19787,12672700044227,0.0
19788,12682705044228,0.0
19789,12692700044229,0.0
19790,12712700044231,0.0
19791,12752700044235,0.0
19792,12762700044236,0.0
19793,12772700044237,-0.0
19794,12782700044238,-0.0
19795,12792700044239,-0.0
19796,12802700044240,-0.0
19797,12812700044241,0.0
19830,13672700044327,-0.0
19831,13682700044328,-0.0
19832,13692700044329,-0.0
19833,13712700044331,0.0
19802,12862700044246,0.0
19803,12872700044247,0.0
19804,12882700044248,-0.0
19805,12902700044250,-0.0
19806,12912705044251,0.0
19807,12922705044252,0.0
19808,12932704044253,0.0
19809,12962700044256,0.0
19810,12982705044258,0.0
19811,13002700044260,-0.0
19812,13012705044261,0.0
19813,13032705044263,0.0
19846,13982701044358,0.0
19847,13992700044359,0.0
19848,14072700044367,0.0
19849,14092700044369,0.0
19818,13342704044294,0.0
19819,13352704044295,-0.0
19820,13362700044296,0.0
19821,13392705044299,0.0
19822,13412705044301,0.0
19823,13432700044303,-0.0
19824,13442700044304,-0.0
19825,13622700044322,-0.0
19826,13632700044323,-0.0
19827,13642700044324,-0.0
19828,13652700044325,-0.0
19829,13662700044326,-0.0
19862,00052800044396,0.0
19863,00062800044397,0.0
25647,02450700058649,-0.0
19865,00252805044416,0.0
19834,13732700044333,-0.0
19835,13742700044334,-0.0
19836,13752700044335,-0.0
19837,13792700044339,0.0
19838,13802700044340,0.0
19839,13812700044341,-0.0
19840,13822700044342,-0.0
19841,13832700044343,-0.0
19842,13842700044344,-0.0
19843,13852700044345,-0.0
19844,13862700044346,-0.0
19845,13872700044347,-0.0
19878,00392804044430,0.0
19879,00402800044431,-0.0
19880,00412800044432,0.0
19881,00422804044433,0.0
19850,14112700044371,-0.0
19851,14122700044372,-0.0
19852,14132700044373,-0.0
19853,14142700044374,-0.0
19854,14152700044375,0.0
19855,14162700044376,0.0
19856,14172700044377,0.0
19857,14202703044380,0.0
19858,14312700044391,0.0
19859,00022800044393,0.0
19860,00032800044394,0.0
19861,00042800044395,0.0
19894,00662805044457,0.0
19895,00672804044458,-0.0
19896,00692805044460,0.0
19897,00702805044461,0.0
19866,00272805044418,0.0
19867,00282800044419,-0.0
19868,00292805044420,0.0
19869,00302800044421,0.0
19870,00312805044422,0.0
19871,00322800044423,-0.0
19872,00332804044424,0.0
19873,00342800044425,0.0
19874,00352805044426,0.0
19875,00362800044427,0.0
19876,00372805044428,0.0
19877,00382800044429,-0.0
19910,01012800044493,0.0
19911,01122801044504,-0.0
19912,01192800044511,0.0
19913,01202805044512,0.0
19882,00432800044434,-0.0
19883,00462800044437,-0.0
19884,00472805044438,0.0
19885,00482800044439,-0.0
19886,00492805044440,0.0
19887,00502801044441,-0.0
19888,00562800044447,-0.0
19889,00572800044448,-0.0
19890,00582800044449,-0.0
19891,00602800044451,0.0
19892,00612804044452,0.0
19893,00642800044455,0.0
19926,01572800044529,0.0
19927,01602800044532,0.0
19928,01612804044533,-0.0
19929,01672804044539,0.0
19898,00722800044463,-0.0
19899,00732800044464,0.0
19900,00742800044465,0.0
19901,00752800044466,0.0
19902,00762804044467,0.0
19903,00812804044472,0.0
19904,00822800044473,0.0
19905,00832804044474,-0.0
19906,00842804044475,0.0
19907,00852800044477,0.0
19908,00862805044478,0.0
19909,00882803044480,-0.0
19942,02422800044614,-0.0
19943,02432800044615,-0.0
19944,02442800044616,-0.0
19945,02452800044617,-0.0
19914,01212800044513,-0.0
19915,01442804044516,0.0
19916,01452800044517,0.0
19917,01462804044518,0.0
19918,01472804044519,0.0
19919,01482804044520,0.0
19920,01502804044522,-0.0
19921,01512804044523,0.0
19922,01522804044524,0.0
19923,01532804044525,0.0
19924,01542804044526,0.0
19925,01562800044528,0.0
19958,01352800044660,0.0
19959,01372800044662,-0.0
19960,01382800044663,-0.0
19961,01392800044664,0.0
19930,01682804044540,0.0
19931,01712805044543,0.0
19932,02132800044585,0.0
19933,02142800044586,0.0
19934,02172800044589,0.0
19935,02192805044591,0.0
19936,02202805044592,0.0
19937,02212800044593,0.0
19938,02222800044594,0.0
19939,02332800044605,0.0
19940,02342800044606,0.0
19941,02372805044609,0.0
19974,03052800044697,0.0
19975,03072800044698,-0.0
19976,03062800044699,-0.0
19977,03092800044701,-0.0
19946,02462800044618,0.0
19947,02472800044619,-0.0
19948,02482800044620,0.0
19949,02502800044622,-0.0
19950,01242800044649,0.0
19951,01252800044650,0.0
19952,01262800044651,-0.0
19953,01272800044652,-0.0
19954,01302800044655,-0.0
19955,01312800044656,-0.0
19956,01332800044658,0.0
19957,01342800044659,0.0
19990,03602800044752,0.0
19991,03612800044753,0.0
19992,03622800044754,0.0
19993,03632800044755,-0.0
19962,01402800044665,0.0
19963,01412800044666,-0.0
19964,02772804044669,0.0
19965,02842800044676,0.0
19966,02852800044677,0.0
19967,02862800044678,0.0
19968,02902801044681,-0.0
19969,02912800044682,-0.0
19970,02932805044684,-0.0
19971,02892805044685,0.0
19972,02952800044687,0.0
19973,03042800044696,0.0
20006,03982805044790,0.0
20007,04002805044792,0.0
20008,04012804044793,0.0
20009,04022800044794,0.0
19978,03112800044703,0.0
19979,03122800044704,0.0
19980,03132800044705,0.0
19981,03512800044743,0.0
19982,03522800044744,0.0
19983,03532800044745,0.0
19984,03542800044746,-0.0
19985,03552800044747,-0.0
19986,03562800044748,-0.0
19987,03572800044749,0.0
19988,03582800044750,0.0
19989,03592800044751,0.0
20022,04462800044838,-0.0
20023,04472804044839,-0.0
20024,04482800044840,-0.0
20025,04502800044842,0.0
19994,03652800044757,-0.0
19995,03672800044759,-0.0
19996,03692800044761,-0.0
19997,03712800044763,-0.0
19998,03732800044765,-0.0
19999,03762800044768,-0.0
20000,03842805044776,0.0
20001,03852804044777,0.0
20002,03862805044778,0.0
20003,03882805044781,0.0
20004,03922805044784,0.0
20005,03972805044789,0.0
20038,04832800044875,-0.0
20039,04842800044876,0.0
20040,04852800044877,0.0
20041,04862800044878,-0.0
20010,04032800044795,0.0
20011,04042800044796,0.0
20012,04112801044802,-0.0
20013,04132804044804,0.0
20014,04052804044805,0.0
20015,04362801044828,-0.0
20016,04372800044829,-0.0
20017,04382800044830,0.0
20018,04392804044831,0.0
20019,04422800044834,-0.0
20020,04432805044835,-0.0
20021,04452805044837,-0.0
20054,05532805044945,0.0
20055,05542804044946,0.0
20056,05552805044947,0.0
20057,05572804044950,0.0
20026,04512800044843,0.0
20027,04522805044844,0.0
20028,04532804044845,-0.0
20029,04542805044846,0.0
20030,04552805044847,0.0
20031,04572805044849,0.0
20032,04582804044850,-0.0
20033,04602805044852,0.0
20034,04622805044854,0.0
20035,04632805044855,0.0
20036,04812805044873,0.0
20037,04822805044874,0.0
20070,05902800044982,0.0
20071,06032800044995,-0.0
20072,06042800044996,0.0
20073,06052800044997,0.0
20042,04872800044879,-0.0
20043,05212805044913,0.0
20044,05222804044914,-0.0
20045,05422805044934,0.0
20046,05442800044936,-0.0
20047,05452800044937,0.0
20048,05462805044938,0.0
20049,05472800044939,0.0
20050,05492805044941,0.0
20051,05502800044942,-0.0
20052,05512800044943,0.0
20053,05522800044944,0.0
20086,06422804045034,0.0
20087,06522800045044,0.0
20088,06532804045045,0.0
20089,06542801045046,0.0
20058,05612804044953,0.0
20059,05652800044957,-0.0
20060,05742800044966,0.0
20061,05792800044971,0.0
20062,05812805044973,0.0
20063,05822804044974,0.0
20064,05852800044975,0.0
20065,05832800044976,0.0
20066,05842800044977,0.0
20067,05872800044979,-0.0
20068,05882800044980,0.0
20069,05892800044981,-0.0
20102,06942805045086,0.0
20103,06982800045090,0.0
20104,06992804045091,0.0
20105,07002804045092,0.0
20074,06062800044998,0.0
20075,06092800045001,0.0
20076,06102800045002,0.0
20077,06122800045004,0.0
20078,06172800045009,-0.0
20079,06192800045011,-0.0
20080,06212800045013,-0.0
20081,06232800045015,0.0
20082,06262800045018,-0.0
20083,06282800045020,-0.0
20084,06292800045021,-0.0
20085,06312800045023,-0.0
20118,07132804045105,0.0
20119,07142800045106,0.0
20120,07152800045107,-0.0
20121,07162800045108,-0.0
20090,06552801045047,0.0
20091,06562801045048,0.0
20092,06572800045049,0.0
20093,06582800045050,0.0
20094,06682804045060,0.0
20095,06862800045078,-0.0
20096,06872800045079,-0.0
20097,06882800045080,-0.0
20098,06892800045081,0.0
20099,06902805045082,0.0
20100,06912804045083,-0.0
20101,06932800045085,0.0
20134,07332804045125,0.0
20135,07342804045126,0.0
20136,07352804045127,0.0
20137,07372800045129,0.0
20106,07012800045093,0.0
20107,07022800045094,-0.0
20108,07032800045095,-0.0
20109,07042800045096,0.0
20110,07052800045097,-0.0
20111,07062800045098,-0.0
20112,07072800045099,-0.0
20113,07082800045100,0.0
20114,07092800045101,0.0
20115,07102800045102,0.0
20116,07112800045103,0.0
20117,07122804045104,0.0
20150,07552801045147,-0.0
20151,07562801045148,-0.0
20152,07572801045149,-0.0
20153,07582801045150,-0.0
20122,07172800045109,0.0
20123,07182800045110,-0.0
20124,07192800045111,-0.0
20125,07212800045113,0.0
20126,07232800045115,0.0
20127,07262800045118,-0.0
20128,07272804045119,-0.0
20129,07282804045120,0.0
20130,07292804045121,0.0
20131,07302804045122,-0.0
20132,07312804045123,-0.0
20133,07322804045124,0.0
20166,07952803045178,0.0
20167,07982803045181,0.0
20168,08032803045186,0.0
20169,08092803045192,0.0
20138,07382803045130,0.0
20139,07392803045131,-0.0
20140,07402800045132,0.0
20141,07412801045133,0.0
20142,07422801045134,0.0
20143,07432800045135,0.0
20144,07442800045136,-0.0
20145,07452800045137,-0.0
20146,07462800045138,-0.0
20147,07472800045139,-0.0
20148,07512800045143,0.0
20149,07522800045144,0.0
20182,08382801045221,0.0
20183,07772804045230,-0.0
20184,08402804045232,-0.0
20185,08412804045233,-0.0
20154,07592801045151,-0.0
20155,07602801045152,-0.0
20156,07612801045153,-0.0
20157,07622801045154,-0.0
20158,07632801045155,-0.0
20159,07672805045159,-0.0
20160,07682800045160,0.0
20161,07802805045163,0.0
20162,07812803045164,0.0
20163,07842803045167,0.0
20164,07882803045171,0.0
20165,07892803045172,0.0
20198,08842804045276,0.0
20199,08852804045277,-0.0
20200,08862804045278,0.0
20201,08872804045279,0.0
20170,08102803045193,-0.0
20171,08132803045196,-0.0
20172,08152805045198,0.0
20173,08162805045199,-0.0
20174,08172805045200,-0.0
20175,08242805045201,0.0
20176,08182805045202,0.0
20177,08192805045203,0.0
20178,08252805045206,0.0
20179,08262805045207,0.0
20180,08222805045208,-0.0
20181,08282805045211,0.0
20214,09042800045296,0.0
20215,09112800045303,0.0
20216,09122800045304,0.0
20217,09132800045305,0.0
20186,08452803045237,0.0
20187,08532803045245,-0.0
20188,08562803045248,0.0
20189,08582803045250,0.0
20190,08692805045261,-0.0
20191,08722805045264,0.0
20192,08762805045268,0.0
20193,08792800045271,0.0
20194,08802800045272,0.0
20195,08812804045273,0.0
20196,08822804045274,0.0
20197,08832804045275,0.0
20230,09502800045326,0.0
20231,09512800045327,0.0
20232,09522800045328,0.0
20233,09562800045332,0.0
20202,08882804045280,0.0
20203,08892804045281,0.0
20204,08902801045282,0.0
20205,08912801045283,0.0
20206,08922801045284,0.0
20207,08932801045285,0.0
20208,08952800045287,0.0
20209,08962801045288,0.0
20210,08982801045290,-0.0
20211,09012804045293,0.0
20212,09022800045294,0.0
20213,09032800045295,-0.0
20246,09822800045359,-0.0
20247,09752800045360,-0.0
20248,09762801045361,0.0
20249,09772800045362,-0.0
20218,09382800045314,-0.0
20219,09392800045315,0.0
20220,09402800045316,-0.0
20221,09412800045317,0.0
20222,09422800045318,0.0
20223,09432800045319,0.0
20224,09442800045320,0.0
20225,09452800045321,0.0
20226,09462800045322,0.0
20227,09472800045323,0.0
20228,09482800045324,0.0
20229,09492800045325,0.0
20262,09982800045381,0.0
20263,09992800045382,0.0
20264,10002800045383,0.0
20265,10012800045384,0.0
20234,09632805045339,-0.0
20235,09642800045340,0.0
20236,09652805045341,0.0
20237,09662805045342,0.0
20238,09172804045345,-0.0
20239,09232805045351,0.0
20240,09692800045352,-0.0
20241,09702800045353,0.0
20242,09712800045354,-0.0
20243,09732800045356,-0.0
20244,09742800045357,-0.0
20245,09812800045358,-0.0
20278,10162801045399,0.0
20279,10182801045401,0.0
20280,10192800045402,-0.0
20281,10202800045403,-0.0
20250,09782801045363,0.0
20251,09792800045364,-0.0
20252,09802801045365,0.0
20253,09832800045366,0.0
20254,09842800045367,0.0
20255,09852800045368,0.0
20256,09892800045372,0.0
20257,09902801045373,0.0
20258,09912800045374,0.0
20259,09922801045375,0.0
20260,09932800045376,0.0
20261,09942801045377,0.0
20294,10362800045419,-0.0
20295,10372801045420,0.0
20296,10382800045421,0.0
20297,10392801045422,0.0
20266,10022800045385,0.0
20267,10032800045386,0.0
20268,10042800045387,0.0
20269,10062800045389,0.0
20270,10072800045390,-0.0
20271,10092800045392,-0.0
20272,10102800045393,0.0
20273,10112800045394,-0.0
20274,10122800045395,-0.0
20275,10132800045396,-0.0
20276,10142801045397,0.0
20277,10152800045398,-0.0
20310,10772800045469,-0.0
20311,10802800045472,0.0
20312,10922802045484,-0.0
20313,10972805045489,0.0
20282,10212800045404,-0.0
20283,10232800045406,-0.0
20284,10242800045407,0.0
20285,10252800045408,-0.0
20286,10262800045409,0.0
20287,10272801045410,0.0
20288,10282800045411,-0.0
20289,10292801045412,0.0
20290,10302800045413,-0.0
20291,10312801045414,0.0
20292,10322800045415,0.0
20293,10352801045418,0.0
20326,11592800045551,-0.0
20327,11602804045552,-0.0
20328,11732800045565,-0.0
20329,11742800045566,0.0
20298,10422805045425,-0.0
20299,09242805045437,0.0
20300,09252805045438,0.0
20301,09282805045439,0.0
20302,09302805045441,0.0
20303,09312805045442,0.0
20304,09322805045443,0.0
20305,10602800045449,-0.0
20306,10612800045450,-0.0
20307,10622800045451,-0.0
20308,10632800045452,-0.0
20309,10682800045460,-0.0
20342,12232805045615,-0.0
20343,12262800045618,-0.0
20344,12272800045619,-0.0
20345,12282800045620,-0.0
20314,10982805045490,0.0
20315,11022801045494,-0.0
20316,11032801045495,-0.0
20317,11042801045496,-0.0
20318,11052801045497,-0.0
20319,11302800045521,-0.0
20320,11462800045538,0.0
20321,11492800045541,-0.0
20322,11502801045542,-0.0
20323,11512801045543,0.0
20324,11532800045545,0.0
20325,11572800045549,-0.0
20358,12602800045652,0.0
20359,12692800045661,-0.0
20360,12702800045662,-0.0
20361,12712800045663,-0.0
20330,11752800045567,-0.0
20331,11762800045568,0.0
20332,11772800045569,-0.0
20333,11782800045570,-0.0
20334,11822801045574,0.0
20335,11832800045575,-0.0
20336,11842800045576,-0.0
20337,11902800045582,-0.0
20338,11922801045584,0.0
20339,11962800045588,-0.0
20340,12112800045603,0.0
20341,12222805045614,0.0
20374,13392805045731,0.0
20375,13412805045733,0.0
20376,13622800045754,-0.0
20377,13632800045755,-0.0
20346,12292805045621,0.0
20347,12302805045622,0.0
20348,12312800045623,-0.0
20349,12332805045625,0.0
20350,12342804045626,-0.0
20351,12352802045627,-0.0
20352,12432800045635,0.0
20353,12472800045639,0.0
20354,12482800045640,-0.0
20355,12492800045641,0.0
20356,12502800045642,0.0
20357,12582800045650,0.0
20390,14022805045794,0.0
20391,14052800045797,-0.0
20392,14062800045798,-0.0
20393,14072800045799,0.0
20362,12752800045667,0.0
20363,12762800045668,0.0
20364,12922805045684,0.0
20365,12932804045685,0.0
20366,13042804045696,0.0
20367,13272800045719,-0.0
20368,13282800045720,-0.0
20369,13292800045721,-0.0
20370,13322804045724,0.0
20371,13352804045727,-0.0
20372,13362800045728,0.0
20373,13372800045729,0.0
20406,00021900045825,0.0
20407,00031900045826,0.0
20408,00041900045827,0.0
20409,00051900045828,0.0
20378,13642800045756,-0.0
20379,13652800045757,-0.0
20380,13662800045758,0.0
20381,13682800045760,0.0
20382,13702800045762,0.0
20383,13712800045763,0.0
20384,13822800045774,0.0
20385,13862800045778,0.0
20386,13882800045780,0.0
20387,13982801045790,0.0
20388,13992800045791,0.0
20389,14002800045792,0.0
20422,00381900045861,0.0
20423,00391904045862,0.0
20424,00401900045863,-0.0
20425,00421904045865,0.0
20394,14082800045800,-0.0
20395,14092800045801,0.0
20396,14102800045802,-0.0
20397,14112800045803,-0.0
20398,14122800045804,-0.0
20399,14132800045805,-0.0
20400,14142800045806,-0.0
20401,14152800045807,0.0
20402,14162800045808,0.0
20403,14172800045809,0.0
20404,14202803045812,0.0
20405,14312800045823,0.0
20438,00601900045883,0.0
20439,00611904045884,0.0
20440,00621900045885,0.0
20441,00631900045886,0.0
20410,00061900045829,0.0
20411,00071900045830,0.0
20412,00251905045848,0.0
20413,00261900045849,-0.0
20414,00271905045850,0.0
20415,00291905045852,0.0
20416,00321900045855,0.0
20417,00331904045856,0.0
20418,00341900045857,0.0
20419,00351905045858,0.0
20420,00361900045859,-0.0
20421,00371905045860,0.0
20454,00821900045905,0.0
20455,00831904045906,-0.0
20456,00841904045907,0.0
20457,00851900045909,0.0
20426,00431900045866,0.0
20427,00441900045867,0.0
20428,00451904045868,0.0
20429,00461900045869,-0.0
20430,00481900045871,-0.0
20431,00491905045872,0.0
20432,00501901045873,-0.0
20433,00541901045877,-0.0
20434,00551901045878,-0.0
20435,00561900045879,-0.0
20436,00571900045880,0.0
20437,00581900045881,-0.0
20470,01451900045949,0.0
20471,01461904045950,0.0
20472,01471904045951,0.0
20473,01481904045952,0.0
20442,00641900045887,-0.0
20443,00661905045889,0.0
20444,00671904045890,0.0
20445,00681905045891,0.0
20446,00691905045892,0.0
20447,00701905045893,0.0
20448,00741900045897,0.0
20449,00751900045898,0.0
20450,00761904045899,0.0
20451,00791900045902,0.0
20452,00801900045903,-0.0
20453,00811904045904,0.0
20486,01831901045987,-0.0
20487,01841901045988,-0.0
20488,02171900046021,0.0
20489,02191905046023,0.0
20458,01011900045925,-0.0
20459,01081900045932,-0.0
20460,01091900045933,-0.0
20461,01101900045934,-0.0
20462,01121901045936,-0.0
20463,01141900045938,0.0
20464,01151900045939,0.0
20465,01161900045940,0.0
20466,01171900045941,-0.0
20467,01201905045944,0.0
20468,01221905045946,0.0
20469,01441904045948,0.0
20502,02471900046051,0.0
20503,02481900046052,0.0
20504,02501900046054,-0.0
20505,01241900046081,0.0
20474,01491904045953,0.0
20475,01501904045954,-0.0
20476,01511904045955,0.0
20477,01521904045956,0.0
20478,01531904045957,0.0
20479,01541904045958,0.0
20480,01551904045959,0.0
20481,01561900045960,0.0
20482,01611904045965,-0.0
20483,01671904045971,-0.0
20484,01701904045974,0.0
20485,01721905045976,-0.0
20518,01391900046096,0.0
20519,01401900046097,0.0
20520,01411900046098,-0.0
20521,01431900046100,0.0
20490,02201905046024,0.0
20491,02211900046025,-0.0
20492,02221900046026,-0.0
20493,02321900046036,0.0
20494,02331900046037,-0.0
20495,02341900046038,-0.0
20496,02371905046041,0.0
20497,02421900046046,-0.0
20498,02431900046047,-0.0
20499,02441900046048,-0.0
20500,02451900046049,0.0
20501,02461900046050,0.0
20534,03051900046129,0.0
20535,03071900046130,0.0
20536,03061900046131,0.0
20537,03081900046132,-0.0
20506,01261900046083,-0.0
20507,01271900046084,-0.0
20508,01291900046086,0.0
20509,01301900046087,-0.0
20510,01311900046088,-0.0
20511,01321900046089,0.0
20512,01331900046090,0.0
20513,01341900046091,0.0
20514,01351900046092,0.0
20515,01361900046093,0.0
20516,01371900046094,0.0
20517,01381900046095,-0.0
20550,03581900046182,0.0
20551,03591900046183,0.0
20552,03601900046184,0.0
20553,03611900046185,0.0
20522,02771904046101,0.0
20523,02791905046103,-0.0
20524,02841900046108,-0.0
20525,02851900046109,0.0
20526,02861900046110,0.0
20527,02901901046113,-0.0
20528,02921905046115,0.0
20529,02931905046116,0.0
20530,02891905046117,0.0
20531,02951900046119,-0.0
20532,03021905046126,-0.0
20533,03041900046128,0.0
20566,03881905046213,0.0
20567,03901905046214,0.0
20568,03911904046215,0.0
20569,03921905046216,0.0
20538,03091900046133,0.0
20539,03101900046134,0.0
20540,03111900046135,-0.0
20541,03121900046136,0.0
20542,03131900046137,0.0
20543,03511900046175,-0.0
20544,03521900046176,-0.0
20545,03531900046177,-0.0
20546,03541900046178,-0.0
20547,03551900046179,-0.0
20548,03561900046180,-0.0
20549,03571900046181,0.0
20582,04051904046237,0.0
20583,04161905046240,0.0
20584,04171904046241,0.0
20585,04331900046257,0.0
20554,03621900046186,0.0
20555,03631900046187,-0.0
20556,03651900046189,-0.0
20557,03671900046191,-0.0
20558,03691900046193,-0.0
20559,03711900046195,-0.0
20560,03731900046197,-0.0
20561,03761900046200,-0.0
20562,03841905046208,-0.0
20563,03851904046209,0.0
20564,03861905046210,0.0
20565,03871900046211,-0.0
20598,04501900046274,-0.0
20599,04511900046275,0.0
20600,04521905046276,0.0
20601,04531904046277,0.0
20570,03931900046217,-0.0
20571,03941905046218,-0.0
20572,03951904046219,-0.0
20573,03961900046220,0.0
20574,03971905046221,0.0
20575,03991905046223,0.0
20576,04001905046224,0.0
20577,04011904046225,0.0
20578,04031900046227,0.0
20579,04041900046228,0.0
20580,04111901046234,-0.0
20581,04131904046236,0.0
20614,04641905046293,0.0
20615,04651904046294,0.0
20616,04671905046296,0.0
20617,04681900046297,0.0
20586,04341900046258,0.0
20587,04351901046259,-0.0
20588,04361901046260,-0.0
20589,04371900046261,0.0
20590,04391904046263,0.0
20591,04411905046265,-0.0
20592,04431905046267,0.0
20593,04441900046268,-0.0
20594,04451905046269,-0.0
20595,04461900046270,-0.0
20596,04471904046271,-0.0
20597,04481900046272,0.0
20630,04891900046313,-0.0
20631,04961904046320,0.0
20632,04971900046321,0.0
20633,04991905046323,0.0
20602,04541905046278,0.0
20603,04551905046279,0.0
20604,04561900046280,0.0
20605,04571905046281,0.0
20606,04581904046282,0.0
20607,04591900046283,0.0
20608,04601905046284,0.0
20609,04621905046286,0.0
20610,04631905046287,0.0
20611,04741900046288,-0.0
20612,04761905046290,0.0
20613,04771904046291,0.0
20646,05201904046344,0.0
20647,05211905046345,0.0
20648,05221904046346,0.0
20649,05311900046350,0.0
20618,04691904046298,0.0
20619,04701905046299,0.0
20620,04711904046300,0.0
20621,04721905046301,0.0
20622,04731905046302,0.0
20623,04811905046305,0.0
20624,04821905046306,0.0
20625,04831900046307,0.0
20626,04841900046308,0.0
20627,04851900046309,0.0
20628,04861900046310,0.0
20629,04871900046311,0.0
20662,05531905046377,0.0
20663,05541904046378,0.0
20664,05551905046379,0.0
20665,05561900046380,0.0
20634,05001905046324,0.0
20635,05021905046326,0.0
20636,05031904046327,0.0
20637,05041900046328,0.0
20638,05061905046330,0.0
20639,05071904046331,0.0
20640,05141905046338,0.0
20641,05151904046339,0.0
20642,05161905046340,0.0
20643,05171900046341,0.0
20644,05181900046342,0.0
20645,05191905046343,0.0
20678,05801900046404,0.0
20679,05811905046405,0.0
20680,05821904046406,0.0
20681,05851900046407,-0.0
20650,05271905046352,0.0
20651,05281904046353,0.0
20652,05301905046355,0.0
20653,05321905046356,0.0
20654,05421905046366,0.0
20655,05451900046369,-0.0
20656,05461905046370,0.0
20657,05471900046371,-0.0
20658,05491905046373,0.0
20659,05501900046374,0.0
20660,05511900046375,-0.0
20661,05521900046376,-0.0
20694,06191900046443,-0.0
20695,06211900046445,-0.0
20696,06231900046447,-0.0
20697,06251900046449,-0.0
20666,05571904046382,0.0
20667,05591905046383,0.0
20668,05601904046384,0.0
20669,05611904046385,0.0
20670,05621901046386,-0.0
20671,05631901046387,-0.0
20672,05641901046388,-0.0
20673,05651900046389,-0.0
20674,05661900046390,-0.0
20675,05741900046398,0.0
20676,05781905046402,0.0
20677,05791900046403,-0.0
20710,06581900046482,0.0
20711,06601905046484,0.0
20712,06681904046492,-0.0
20713,06771900046501,-0.0
20682,05831900046408,-0.0
20683,05841900046409,-0.0
20684,05871900046411,0.0
20685,05891900046413,0.0
20686,05971900046421,-0.0
20687,06061900046430,0.0
20688,06071900046431,0.0
20689,06091900046433,-0.0
20690,06101900046434,0.0
20691,06111900046435,0.0
20692,06121900046436,0.0
20693,06171900046441,-0.0
20726,07051900046529,0.0
20727,07061900046530,0.0
20728,07081900046532,-0.0
20729,07101900046534,-0.0
20698,06281900046452,-0.0
20699,06291900046453,-0.0
20700,06311900046455,-0.0
20701,06411900046465,-0.0
20702,06421904046466,0.0
20703,06461904046470,0.0
20704,06521900046476,-0.0
20705,06531904046477,0.0
20706,06541901046478,0.0
20707,06551901046479,0.0
20708,06561901046480,0.0
20709,06571900046481,-0.0
20742,07281904046552,0.0
20743,07291904046553,0.0
20744,07301904046554,0.0
20745,07311904046555,0.0
20714,06861900046510,-0.0
20715,06871900046511,0.0
20716,06881900046512,-0.0
20717,06901905046514,0.0
20718,06911904046515,0.0
20719,06951900046519,0.0
20720,06971900046521,0.0
20721,06991904046523,0.0
20722,07001904046524,0.0
20723,07011900046525,0.0
20724,07021900046526,0.0
20725,07041900046528,0.0
20758,07461900046570,-0.0
20759,07471900046571,-0.0
20760,07511900046575,-0.0
20761,07521900046576,-0.0
20730,07121904046536,0.0
20731,07131904046537,0.0
20732,07141900046538,0.0
20733,07161900046540,-0.0
20734,07171900046541,0.0
20735,07181900046542,0.0
20736,07201900046544,0.0
20737,07211900046545,0.0
20738,07231900046547,0.0
20739,07251900046549,-0.0
20740,07261900046550,0.0
20741,07271904046551,0.0
20774,07811903046596,-0.0
20775,07821903046597,-0.0
20776,07831903046598,-0.0
20777,07841903046599,0.0
20746,07331904046557,0.0
20747,07341904046558,0.0
20748,07351904046559,0.0
20749,07361900046560,0.0
20750,07371900046561,0.0
20751,07381903046562,0.0
20752,07391903046563,0.0
20753,07411901046565,0.0
20754,07421901046566,0.0
20755,07431900046567,0.0
20756,07441900046568,0.0
20757,07451900046569,-0.0
20790,08031903046618,-0.0
20791,08091903046624,-0.0
20792,08101903046625,-0.0
20793,08111903046626,0.0
20762,07531900046577,-0.0
20763,07551901046579,-0.0
20764,07561901046580,-0.0
20765,07571901046581,-0.0
20766,07581901046582,-0.0
20767,07591901046583,-0.0
20768,07601901046584,-0.0
20769,07611901046585,-0.0
20770,07621901046586,-0.0
20771,07631901046587,-0.0
20772,07671905046591,0.0
20773,07801905046595,-0.0
20806,08281905046643,0.0
20807,07731900046659,0.0
20808,07751900046660,0.0
20809,07761900046661,0.0
20778,07861903046601,-0.0
20779,07881903046603,0.0
20780,07891903046604,0.0
20781,07901903046605,0.0
20782,07911903046606,0.0
20783,07921900046607,-0.0
20784,07951903046610,-0.0
20785,07971903046612,-0.0
20786,07981903046613,-0.0
20787,08001903046615,-0.0
20788,08011903046616,-0.0
20789,08021903046617,-0.0
20822,08731905046697,0.0
20823,08741904046698,0.0
20824,08751905046699,-0.0
20825,08761905046700,-0.0
20794,08121903046627,0.0
20795,08131903046628,0.0
20796,08141905046629,0.0
20797,08151905046630,0.0
20798,08161905046631,0.0
20799,08171905046632,-0.0
20800,08241905046633,0.0
20801,08191905046635,0.0
20802,08211905046637,-0.0
20803,08251905046638,0.0
20804,08221905046640,-0.0
20805,08231905046641,-0.0
20838,08931901046717,-0.0
20839,08941901046718,-0.0
20840,08951900046719,0.0
20841,08961901046720,0.0
20810,07771904046662,0.0
20811,08401904046664,0.0
20812,08411904046665,0.0
20813,08451903046669,0.0
20814,08531903046677,-0.0
20815,08561903046680,-0.0
20816,08581903046682,-0.0
20817,08661903046690,-0.0
20818,08691905046693,-0.0
20819,08701905046694,0.0
20820,08711904046695,0.0
20821,08721905046696,0.0
20854,09401900046748,-0.0
20855,09411900046749,0.0
20856,09421900046750,0.0
20857,09431900046751,-0.0
20826,08791900046703,0.0
20827,08801900046704,0.0
20828,08811904046705,0.0
20829,08821904046706,0.0
20830,08831904046707,0.0
20831,08841904046708,0.0
20832,08851904046709,0.0
20833,08861904046710,0.0
20834,08871904046711,0.0
20835,08881904046712,0.0
20836,08891904046713,0.0
20837,08901901046714,-0.0
20870,09721900046787,0.0
20871,09731900046788,-0.0
20872,09741900046789,-0.0
20873,09811900046790,-0.0
20842,08981901046722,-0.0
20843,09011904046725,0.0
20844,09021900046726,0.0
20845,09031900046727,0.0
20846,09041900046728,0.0
20847,09111900046735,-0.0
20848,09121900046736,0.0
20849,09131900046737,-0.0
20850,09361905046744,-0.0
20851,09371905046745,0.0
20852,09381900046746,-0.0
20853,09391900046747,-0.0
20886,09881900046803,0.0
20887,09891900046804,0.0
20888,09901901046805,0.0
20889,09911900046806,0.0
20858,09441900046752,0.0
20859,09451900046753,0.0
20860,09461900046754,0.0
20861,09501900046758,0.0
20862,09511900046759,0.0
20863,09521900046760,0.0
20864,09561900046764,0.0
20865,09651905046773,0.0
20866,09661905046774,0.0
20867,09171904046777,-0.0
20868,09701900046785,0.0
20869,09711900046786,-0.0
20902,10051900046820,0.0
20903,10061900046821,0.0
20904,10071900046822,0.0
20905,10081900046823,0.0
20874,09821900046791,-0.0
20875,09751900046792,-0.0
20876,09761901046793,0.0
20877,09771900046794,-0.0
20878,09781901046795,0.0
20879,09791900046796,-0.0
20880,09801901046797,0.0
20881,09831900046798,-0.0
20882,09841900046799,-0.0
20883,09851900046800,-0.0
20884,09861900046801,-0.0
20885,09871900046802,0.0
20918,10231900046838,0.0
20919,10251900046840,0.0
20920,10261900046841,0.0
20921,10271901046842,0.0
20890,09921901046807,0.0
20891,09931900046808,0.0
20892,09941901046809,0.0
20893,09961900046811,-0.0
20894,09971900046812,0.0
20895,09981900046813,-0.0
20896,09991900046814,0.0
20897,10001900046815,0.0
20898,10011900046816,0.0
20899,10021900046817,0.0
20900,10031900046818,0.0
20901,10041900046819,0.0
20934,09301905046873,0.0
20935,09311905046874,0.0
20936,09321905046875,0.0
20937,10601900046881,-0.0
20906,10091900046824,0.0
20907,10101900046825,0.0
20908,10121900046827,0.0
20909,10131900046828,0.0
20910,10141901046829,0.0
20911,10151900046830,0.0
20912,10161901046831,0.0
20913,10171900046832,0.0
20914,10181901046833,0.0
20915,10201900046835,0.0
20916,10211900046836,0.0
20917,10221900046837,0.0
20950,11021901046926,-0.0
20951,11031901046927,-0.0
20952,11041901046928,-0.0
20953,11051901046929,-0.0
20922,10281900046843,-0.0
20923,10291901046844,0.0
20924,10301900046845,-0.0
20925,10311901046846,0.0
20926,10321900046847,0.0
20927,10351901046850,0.0
20928,10361900046851,-0.0
20929,10371901046852,0.0
20930,10381900046853,0.0
20931,10391901046854,0.0
20932,09251905046870,0.0
20933,09281905046871,0.0
20966,11601904046984,-0.0
20967,11611904046985,0.0
20968,11731900046997,0.0
20969,11741900046998,0.0
20938,10611900046882,-0.0
20939,10621900046883,-0.0
20940,10631900046884,-0.0
20941,10571900046888,-0.0
20942,10581900046889,-0.0
20943,10591900046890,-0.0
20944,10681900046892,-0.0
20945,10771900046901,-0.0
20946,10801900046904,0.0
20947,10871905046911,0.0
20948,10971905046921,0.0
20949,10981905046922,0.0
20982,12291905047053,0.0
20983,12301905047054,0.0
20984,12351902047059,-0.0
20985,12361900047060,-0.0
20954,11241900046948,0.0
20955,11291900046954,0.0
20956,11461900046970,-0.0
20957,11491900046973,-0.0
20958,11501901046974,-0.0
20959,11511901046975,-0.0
20960,11521900046976,-0.0
20961,11531900046977,0.0
20962,11541900046978,-0.0
20963,11561900046980,-0.0
20964,11571900046981,-0.0
20965,11591900046983,-0.0
20998,12691900047093,-0.0
20999,12701900047094,-0.0
21000,12711900047095,-0.0
21001,12751900047099,0.0
20970,11751900046999,0.0
20971,11761900047000,0.0
20972,11771900047001,0.0
20973,11781900047002,-0.0
20974,11821901047006,0.0
20975,11831900047007,-0.0
20976,11841900047008,-0.0
20977,12111900047035,0.0
20978,12221905047046,0.0
20979,12261900047050,-0.0
20980,12271900047051,0.0
20981,12281900047052,-0.0
21014,12921905047116,0.0
21015,12931904047117,0.0
21016,13271900047151,0.0
21017,13281900047152,0.0
20986,12371900047061,-0.0
20987,12381900047062,-0.0
20988,12391900047063,0.0
20989,12401900047064,0.0
20990,12411900047065,0.0
20991,12431900047067,-0.0
20992,12451900047069,-0.0
20993,12471900047071,-0.0
20994,12501900047074,0.0
20995,12581900047082,0.0
20996,12601900047084,0.0
20997,12641905047088,0.0
21030,13441900047168,-0.0
21031,13621900047186,0.0
21032,13641900047188,0.0
21033,13661900047190,-0.0
21002,12761900047100,0.0
21003,12771900047101,-0.0
21004,12781900047102,-0.0
21005,12791900047103,-0.0
21006,12801900047104,-0.0
21007,12811900047105,-0.0
21008,12831900047107,-0.0
21009,12841900047108,-0.0
21010,12851900047109,-0.0
21011,12861900047110,-0.0
21012,12871900047111,-0.0
21013,12881900047112,0.0
21046,13991900047223,0.0
21047,14001900047224,-0.0
21048,14021905047226,0.0
21049,14051900047229,-0.0
21018,13291900047153,0.0
21019,13301900047155,0.0
21020,13331900047157,0.0
21021,13341904047158,0.0
21022,13351904047159,0.0
21023,13361900047160,0.0
21024,13371900047161,0.0
21025,13381900047162,-0.0
21026,13391905047163,0.0
21027,13401905047164,-0.0
21028,13411905047165,0.0
21029,13431900047167,-0.0
21062,14201903047244,0.0
21063,14311900047255,0.0
21064,14321901047256,-0.0
21065,00023500047257,0.0
21034,13671900047191,0.0
21035,13681900047192,-0.0
21036,13691900047193,0.0
21037,13701900047194,0.0
21038,13711900047195,-0.0
21039,13821900047206,0.0
21040,13841900047208,0.0
21041,13861900047210,0.0
21042,13881900047212,0.0
21043,13901900047214,0.0
21044,13921900047216,0.0
21045,13981901047222,0.0
21078,00333504047288,0.0
21079,00343500047289,0.0
21080,00353505047290,0.0
21081,00363500047291,0.0
21050,14061900047230,0.0
21051,14071900047231,0.0
21052,14081900047232,0.0
21053,14091900047233,0.0
21054,14101900047234,0.0
21055,14111900047235,-0.0
21056,14121900047236,-0.0
21057,14131900047237,0.0
21058,14141900047238,0.0
21059,14151900047239,0.0
21060,14161900047240,-0.0
21061,14171900047241,0.0
21094,00543501047309,-0.0
21095,00553501047310,-0.0
21096,00563500047311,-0.0
21097,00573500047312,0.0
21066,00033500047258,0.0
21067,00043500047259,0.0
21068,00053500047260,0.0
21069,00063500047261,0.0
21070,00073500047262,0.0
21071,00253505047280,0.0
21072,00273505047282,0.0
21073,00283500047283,0.0
21074,00293505047284,0.0
21075,00303500047285,0.0
21076,00313505047286,0.0
21077,00323500047287,0.0
21110,00733500047328,-0.0
21111,00743500047329,-0.0
21112,00753500047330,0.0
21113,00763504047331,0.0
21082,00373505047292,0.0
21083,00383500047293,-0.0
21084,00393504047294,-0.0
21085,00403500047295,0.0
21086,00413500047296,0.0
21087,00423504047297,0.0
21088,00433500047298,0.0
21089,00463500047301,0.0
21090,00473505047302,0.0
21091,00483500047303,-0.0
21092,00493505047304,0.0
21093,00503501047305,-0.0
21126,01213500047377,-0.0
21127,01443504047380,0.0
21128,01453500047381,0.0
21129,01463504047382,0.0
21098,00583500047313,-0.0
21099,00603500047315,0.0
21100,00613504047316,0.0
21101,00623500047317,-0.0
21102,00633500047318,0.0
21103,00643500047319,0.0
21104,00663505047321,0.0
21105,00673504047322,0.0
21106,00683505047323,-0.0
21107,00693505047324,-0.0
21108,00703505047325,-0.0
21109,00723500047327,0.0
21142,01683504047404,0.0
21143,01693505047405,-0.0
21144,01703504047406,-0.0
21145,01713505047407,0.0
21114,00793500047334,0.0
21115,00803500047335,0.0
21116,00813504047336,-0.0
21117,00823500047337,0.0
21118,00833504047338,-0.0
21119,00843504047339,0.0
21120,00853500047341,-0.0
21121,00863505047342,-0.0
21122,01013500047357,-0.0
21123,01123501047368,-0.0
21124,01193500047375,0.0
21125,01203505047376,0.0
21158,02203505047456,0.0
21159,02213500047457,-0.0
21160,02333500047469,-0.0
21161,02373505047473,0.0
21130,01473504047383,0.0
21131,01483504047384,-0.0
21132,01493504047385,0.0
21133,01503504047386,0.0
21134,01513504047387,0.0
21135,01523504047388,0.0
21136,01533504047389,-0.0
21137,01543504047390,0.0
21138,01563500047392,0.0
21139,01603500047396,0.0
21140,01613504047397,-0.0
21141,01673504047403,0.0
21174,01303500047519,0.0
21175,01313500047520,-0.0
21176,01323500047521,-0.0
21177,01333500047522,-0.0
21146,01833501047419,-0.0
21147,01843501047420,-0.0
21148,02033500047439,-0.0
21149,02043500047440,-0.0
21150,02053500047441,-0.0
21151,02063505047442,0.0
21152,02073505047443,0.0
21153,02083505047444,0.0
21154,02133500047449,-0.0
21155,02153500047451,0.0
21156,02183505047454,0.0
21157,02193505047455,0.0
21190,02843500047540,-0.0
21191,02853500047541,0.0
21192,02863500047542,0.0
21193,02903501047545,-0.0
21162,02423500047478,-0.0
21163,02433500047479,-0.0
21164,02443500047480,-0.0
21165,02453500047481,0.0
21166,02463500047482,0.0
21167,02473500047483,0.0
21168,02483500047484,0.0
21169,02503500047486,-0.0
21170,01243500047513,-0.0
21171,01253500047514,-0.0
21172,01273500047516,-0.0
21173,01283500047517,0.0
21206,03113500047567,-0.0
21207,03123500047568,0.0
21208,03513500047607,0.0
21209,03523500047608,0.0
21178,01343500047523,0.0
21179,01353500047524,0.0
21180,01363500047525,0.0
21181,01373500047526,0.0
21182,01383500047527,-0.0
21183,01393500047528,0.0
21184,01403500047529,0.0
21185,01413500047530,-0.0
21186,01423500047531,0.0
21187,01433500047532,0.0
21188,02773504047533,0.0
21189,02793505047535,-0.0
21222,03693500047625,-0.0
21223,03713500047627,-0.0
21224,03733500047629,-0.0
21225,03763500047632,-0.0
21194,02923505047547,0.0
21195,02933505047548,0.0
21196,02893505047549,0.0
21197,02953500047551,0.0
21198,03023505047558,-0.0
21199,03043500047560,0.0
21200,03053500047561,0.0
21201,03073500047562,0.0
21202,03063500047563,-0.0
21203,03083500047564,0.0
21204,03093500047565,0.0
21205,03103500047566,0.0
21238,03973505047653,0.0
21239,03983505047654,0.0
21240,03993505047655,0.0
21241,04003505047656,0.0
21210,03533500047609,0.0
21211,03543500047610,-0.0
21212,03553500047611,-0.0
21213,03563500047612,-0.0
21214,03573500047613,0.0
21215,03583500047614,0.0
21216,03593500047615,0.0
21217,03603500047616,0.0
21218,03613500047617,0.0
21219,03623500047618,0.0
21220,03633500047619,-0.0
21221,03673500047623,-0.0
21254,04373500047693,0.0
21255,04383500047694,-0.0
21256,04393504047695,0.0
21257,04413505047697,-0.0
21226,03843505047640,-0.0
21227,03853504047641,0.0
21228,03863505047642,0.0
21229,03873500047643,0.0
25646,14112200058648,-0.0
21231,03883505047645,0.0
21232,03903505047646,0.0
21233,03913504047647,0.0
21234,03923505047648,0.0
21235,03943505047650,0.0
21236,03953504047651,0.0
21237,03963500047652,-0.0
21270,04583504047714,0.0
21271,04603505047716,0.0
21272,04623505047718,0.0
21273,04633505047719,0.0
21242,04013504047657,0.0
21243,04023500047658,0.0
21244,04033500047659,0.0
21245,04043500047660,0.0
21246,04113501047666,-0.0
21247,04133504047668,-0.0
21248,04143500047670,0.0
21249,04163505047672,0.0
21250,04173504047673,0.0
21251,04333500047689,0.0
21252,04343500047690,0.0
21253,04363501047692,-0.0
21286,04823505047738,0.0
21287,04833500047739,-0.0
21288,04843500047740,0.0
21289,04853500047741,-0.0
21258,04433505047699,0.0
21259,04463500047702,-0.0
21260,04473504047703,-0.0
21261,04483500047704,-0.0
21262,04503500047706,-0.0
21263,04513500047707,-0.0
21264,04523505047708,0.0
21265,04533504047709,0.0
21266,04543505047710,0.0
21267,04553505047711,0.0
21268,04563500047712,0.0
21269,04573505047713,0.0
21302,05063505047762,0.0
21303,05073504047763,0.0
21304,05083500047764,0.0
21305,05093505047765,0.0
21274,04753500047721,-0.0
21275,04763505047722,0.0
21276,04773504047723,0.0
21277,04643505047725,0.0
21278,04653504047726,0.0
21279,04673505047728,0.0
21280,04693504047730,0.0
21281,04703505047731,0.0
21282,04713504047732,0.0
21283,04723505047733,0.0
21284,04733505047734,0.0
21285,04813505047737,0.0
21317,05303505047787,0.0
21318,05323505047788,0.0
21319,05423505047798,0.0
21321,05443500047800,-0.0
21290,04863500047742,-0.0
21291,04873500047743,-0.0
21292,04893500047745,0.0
21293,04963504047752,-0.0
21294,04973500047753,0.0
21295,04993505047755,0.0
21296,05003505047756,0.0
21297,05013500047757,-0.0
21298,05023505047758,0.0
21299,05033504047759,0.0
21300,05043500047760,0.0
21301,05053500047761,-0.0
21333,05593505047815,0.0
21334,05603504047816,0.0
21335,05613504047817,0.0
21336,05623501047818,-0.0
21337,05633501047819,-0.0
21306,05133500047769,0.0
21307,05143505047770,0.0
21308,05153504047771,0.0
21309,05163505047772,0.0
21310,05193505047775,0.0
21311,05203504047776,0.0
21312,05213505047777,0.0
21313,05223504047778,0.0
21314,05313500047782,0.0
21315,05273505047784,0.0
21316,05283504047785,0.0
21349,05893500047845,-0.0
21350,05973500047853,-0.0
21351,06033500047859,-0.0
21352,06043500047860,0.0
21353,06053500047861,0.0
21322,05453500047801,-0.0
21323,05463505047802,-0.0
21324,05473500047803,-0.0
21325,05483505047804,0.0
21326,05493505047805,0.0
21327,05503500047806,0.0
21328,05523500047808,0.0
21329,05533505047809,-0.0
21330,05543504047810,0.0
21331,05553505047811,0.0
21332,05573504047814,0.0
21365,06263500047882,-0.0
21366,06283500047884,-0.0
21367,06293500047885,-0.0
21368,06313500047887,-0.0
21369,06413500047897,-0.0
21338,05643501047820,-0.0
21339,05653500047821,-0.0
21340,05663500047822,-0.0
21341,05743500047830,0.0
21342,05793500047835,0.0
21343,05813505047837,0.0
21344,05823504047838,0.0
21345,05853500047839,-0.0
21346,05833500047840,-0.0
21347,05843500047841,-0.0
21348,05873500047843,-0.0
21381,06873500047943,0.0
21382,06903505047946,0.0
21383,06913504047947,0.0
21384,06953500047951,-0.0
21385,06973500047953,-0.0
21354,06063500047862,0.0
21355,06073500047863,0.0
21356,06093500047865,0.0
21357,06103500047866,0.0
21358,06113500047867,0.0
21359,06123500047868,0.0
21360,06173500047873,-0.0
21361,06193500047875,-0.0
21362,06213500047877,-0.0
21363,06233500047879,-0.0
21364,06253500047881,-0.0
21397,07123504047968,0.0
21398,07133504047969,0.0
21399,07143500047970,0.0
21400,07153500047971,-0.0
21401,07163500047972,-0.0
21370,06423504047898,0.0
21371,06463504047902,0.0
21372,06523500047908,-0.0
21373,06533504047909,0.0
21374,06543501047910,0.0
21375,06553501047911,0.0
21376,06563501047912,0.0
21377,06573500047913,-0.0
21378,06583500047914,0.0
21379,06683504047924,0.0
21380,06773500047933,-0.0
21413,07293504047985,0.0
21414,07303504047986,0.0
21415,07313504047987,0.0
21416,07333504047989,0.0
21417,07343504047990,0.0
21386,06983500047954,-0.0
21387,06993504047955,0.0
21388,07003504047956,0.0
21389,07013500047957,-0.0
21390,07023500047958,-0.0
21391,07033500047959,-0.0
21392,07043500047960,0.0
21393,07073500047963,0.0
21394,07093500047965,0.0
21395,07103500047966,0.0
21396,07113500047967,0.0
21429,07473500048003,-0.0
21430,07513500048007,-0.0
21431,07523500048008,-0.0
21432,07533500048009,-0.0
21433,07553501048011,-0.0
21402,07173500047973,0.0
21403,07183500047974,0.0
21404,07193500047975,-0.0
21405,07213500047977,0.0
21406,07223500047978,-0.0
21407,07233500047979,0.0
21408,07243500047980,-0.0
21409,07253500047981,-0.0
21410,07263500047982,0.0
21411,07273504047983,0.0
21412,07283504047984,0.0
21445,07803505048027,0.0
21446,07813503048028,-0.0
21447,07823503048029,-0.0
21448,07843503048031,0.0
21449,07883503048035,0.0
21418,07353504047991,0.0
21419,07363500047992,-0.0
21420,07373500047993,-0.0
21421,07383503047994,0.0
21422,07393503047995,0.0
21423,07403500047996,0.0
21424,07413501047997,0.0
21425,07423501047998,0.0
21426,07433500047999,0.0
21427,07453500048001,-0.0
21428,07463500048002,-0.0
21461,08243505048065,0.0
21462,08193505048067,0.0
21463,08253505048070,0.0
21464,08263505048071,-0.0
21465,08223505048072,0.0
21434,07563501048012,-0.0
21435,07573501048013,-0.0
21436,07583501048014,-0.0
21437,07593501048015,-0.0
21438,07603501048016,-0.0
21439,07613501048017,-0.0
21440,07623501048018,-0.0
21441,07633501048019,-0.0
21442,07663500048022,-0.0
21443,07673505048023,0.0
21444,07683500048024,0.0
21477,08663503048122,-0.0
21478,08693505048125,-0.0
21479,08703505048126,-0.0
21480,08713504048127,-0.0
21481,08723505048128,-0.0
21450,07893503048036,0.0
21451,07953503048042,-0.0
21452,07983503048045,0.0
21453,08013503048048,-0.0
21454,08093503048056,-0.0
21455,08103503048057,0.0
21456,08113503048058,0.0
21457,08123503048059,0.0
21458,08133503048060,0.0
21459,08153505048062,0.0
21460,08173505048064,-0.0
21493,08863504048142,0.0
21494,08873504048143,-0.0
21495,08883504048144,0.0
21496,08893504048145,0.0
21497,08903501048146,0.0
21466,08233505048073,0.0
21467,08283505048075,0.0
21468,07733500048091,-0.0
21469,07753500048092,-0.0
21470,07763500048093,-0.0
21471,07773504048094,0.0
21472,08403504048096,0.0
21473,08413504048097,0.0
21474,08533503048109,0.0
21475,08563503048112,0.0
21476,08583503048114,0.0
21509,09393500048179,-0.0
21510,09403500048180,-0.0
21511,09413500048181,0.0
21512,09423500048182,0.0
21513,09433500048183,0.0
21482,08733505048129,0.0
21483,08743504048130,-0.0
21484,08753505048131,-0.0
21485,08763505048132,-0.0
21486,08793500048135,0.0
21487,08803500048136,0.0
21488,08813504048137,0.0
21489,08823504048138,0.0
21490,08833504048139,0.0
21491,08843504048140,0.0
21492,08853504048141,0.0
21525,09643500048204,0.0
21526,09653505048205,0.0
21527,09663505048206,0.0
21528,09173504048209,0.0
21529,09693500048216,-0.0
21498,08913501048147,-0.0
21499,08923501048148,-0.0
21500,08933501048149,0.0
21501,08943501048150,-0.0
21502,08953500048151,-0.0
21503,08963501048152,0.0
21504,08983501048154,-0.0
21505,09013504048157,0.0
21506,09113500048167,-0.0
21507,09123500048168,0.0
21508,09383500048178,-0.0
21541,09803501048229,0.0
21542,09853500048232,-0.0
21543,09873500048234,-0.0
21544,09883500048235,-0.0
21545,09893500048236,0.0
21514,09443500048184,0.0
21515,09453500048185,0.0
21516,09463500048186,0.0
21517,09473500048187,0.0
21518,09483500048188,0.0
21519,09493500048189,0.0
21520,09503500048190,0.0
21521,09513500048191,0.0
21522,09523500048192,0.0
21523,09563500048196,0.0
21524,09633505048203,0.0
21557,10023500048249,0.0
21558,10043500048251,0.0
21559,10053500048252,-0.0
21560,10073500048254,-0.0
21561,10083500048255,-0.0
21530,09703500048217,0.0
21531,09713500048218,-0.0
21532,09723500048219,-0.0
21533,09743500048221,-0.0
21534,09813500048222,-0.0
21535,09823500048223,-0.0
21536,09753500048224,-0.0
21537,09763501048225,0.0
21538,09773500048226,-0.0
21539,09783501048227,0.0
21540,09793500048228,-0.0
21573,10253500048272,0.0
21574,10263500048273,-0.0
21575,10273501048274,0.0
21576,10283500048275,-0.0
21577,10293501048276,0.0
21546,09903501048237,0.0
21547,09913500048238,0.0
21548,09923501048239,0.0
21549,09933500048240,0.0
21550,09943501048241,0.0
21551,09953500048242,0.0
21552,09963500048243,-0.0
21553,09973500048244,0.0
21554,09993500048246,0.0
21555,10003500048247,0.0
21556,10013500048248,0.0
21589,09253505048302,0.0
21590,09283505048303,0.0
21591,09303505048305,0.0
21592,09313505048306,0.0
21593,09323505048307,0.0
21562,10103500048257,-0.0
21563,10113500048258,0.0
21564,10123500048259,-0.0
21565,10133500048260,0.0
21566,10143501048261,0.0
21567,10153500048262,0.0
21568,10163501048263,0.0
21569,10183501048265,0.0
21570,10193500048266,0.0
21571,10213500048268,0.0
21572,10223500048269,0.0
21605,10873505048343,0.0
21606,10883500048344,0.0
21607,10893500048345,0.0
21608,10903500048346,0.0
21609,10923502048348,0.0
21578,10303500048277,0.0
21579,10313501048278,0.0
21580,10323500048279,0.0
21581,10353501048282,0.0
21582,10363500048283,0.0
21583,10373501048284,0.0
21584,10383500048285,-0.0
21585,10393501048286,0.0
21586,10403505048287,0.0
21587,10423505048289,-0.0
21588,09273505048300,0.0
21621,11513501048407,-0.0
21622,11523500048408,-0.0
21623,11533500048409,0.0
21624,11563500048412,-0.0
21625,11573500048413,-0.0
21594,10533502048309,-0.0
21595,10603500048313,-0.0
21596,10613500048314,-0.0
21597,10623500048315,-0.0
21598,10633500048316,-0.0
21599,10573500048320,-0.0
21600,10583500048321,-0.0
21601,10593500048322,-0.0
21602,10683500048324,-0.0
21603,10773500048333,-0.0
21604,10803500048336,-0.0
21637,11903500048446,0.0
21638,11923501048448,0.0
21639,11943500048450,0.0
21640,11963500048452,0.0
21641,11983500048454,0.0
21610,10943502048350,0.0
21611,10953500048351,0.0
21612,10973505048353,0.0
21613,10983505048354,0.0
21614,11023501048358,-0.0
21615,11033501048359,-0.0
21616,11043501048360,-0.0
21617,11053501048361,-0.0
21618,11243500048380,0.0
21619,11463500048402,-0.0
21620,11503501048406,-0.0
21653,12433500048499,0.0
21654,12453500048501,0.0
21655,12473500048503,0.0
21656,12483500048504,-0.0
21657,12583500048514,0.0
21626,11593500048415,-0.0
21627,11603504048416,-0.0
21628,11733500048429,-0.0
21629,11743500048430,0.0
21630,11753500048431,-0.0
21631,11763500048432,-0.0
21632,11773500048433,-0.0
21633,11783500048434,-0.0
21634,11823501048438,0.0
21635,11833500048439,-0.0
21636,11843500048440,-0.0
21669,13343504048590,0.0
21670,13353504048591,0.0
21671,13363500048592,0.0
21672,13373500048593,-0.0
21673,13443500048600,0.0
21642,12113500048467,0.0
21643,12223505048478,-0.0
21644,12233505048479,0.0
21645,12263500048482,-0.0
21646,12273500048483,-0.0
21647,12283500048484,-0.0
21648,12293505048485,0.0
21649,12303505048486,0.0
21650,12333505048489,0.0
21651,12343504048490,0.0
21652,12353502048491,0.0
21685,13843500048640,-0.0
21686,13863500048642,-0.0
21687,13883500048644,-0.0
21688,13903500048646,-0.0
21689,13923500048648,-0.0
21658,12603500048516,0.0
21659,12693500048525,-0.0
21660,12703500048526,-0.0
21661,12713500048527,-0.0
21662,12753500048531,0.0
21663,12763500048532,0.0
21664,12923505048548,0.0
21665,12933504048549,0.0
21666,13043504048560,-0.0
21667,13323504048588,0.0
21668,13333500048589,0.0
21701,14163500048672,0.0
21702,14173500048673,0.0
21703,14203503048676,0.0
21704,14313500048687,0.0
21705,14323501048688,-0.0
21674,13623500048618,0.0
21675,13633500048619,0.0
21676,13643500048620,0.0
21677,13653500048621,0.0
21678,13663500048622,0.0
21679,13673500048623,-0.0
21680,13683500048624,0.0
21681,13693500048625,-0.0
21682,13703500048626,0.0
21683,13713500048627,0.0
21684,13823500048638,-0.0
21717,00303600048717,0.0
21718,00323600048719,0.0
21719,00333604048720,0.0
21720,00343600048721,0.0
21721,00353605048722,0.0
21690,13983501048654,0.0
21691,13993500048655,0.0
21692,14003500048656,0.0
21693,14023505048658,0.0
21694,14073500048663,0.0
21695,14103500048666,-0.0
21696,14113500048667,-0.0
21697,14123500048668,-0.0
21698,14133500048669,-0.0
21699,14143500048670,-0.0
21700,14153500048671,0.0
21733,00503601048737,-0.0
21734,00543601048741,-0.0
21735,00553601048742,-0.0
21736,00563600048743,-0.0
21737,00573600048744,-0.0
21706,00023600048689,-0.0
21707,00033600048690,-0.0
21708,00043600048691,-0.0
21709,00053600048692,0.0
21710,00063600048693,0.0
21711,00073600048694,0.0
21712,00243600048711,0.0
21713,00253605048712,0.0
21714,00263600048713,0.0
21715,00273605048714,0.0
21716,00283600048715,0.0
21749,00743600048761,-0.0
21750,00753600048762,0.0
21751,00763604048763,0.0
21752,00793600048766,0.0
21753,00803600048767,0.0
21722,00363600048723,-0.0
21723,00373605048724,0.0
21724,00413600048728,0.0
21725,00423604048729,0.0
21726,00433600048730,-0.0
21727,00443600048731,-0.0
21728,00453604048732,0.0
21729,00463600048733,0.0
21730,00473605048734,0.0
21731,00483600048735,-0.0
21732,00493605048736,0.0
21765,01153600048803,0.0
21766,01163600048804,-0.0
21767,01173600048805,-0.0
21768,01193600048807,0.0
21769,01203605048808,0.0
21738,00583600048745,-0.0
21739,00603600048747,0.0
21740,00613604048748,0.0
21741,00623600048749,0.0
21742,00633600048750,-0.0
21743,00643600048751,-0.0
21744,00663605048753,0.0
21745,00673604048754,0.0
21746,00703605048757,0.0
21747,00723600048759,0.0
21748,00733600048760,0.0
21781,01613604048829,0.0
21782,01673604048835,0.0
21783,01683604048836,0.0
21784,01693605048837,0.0
21785,01703604048838,0.0
21754,00813604048768,0.0
21755,00823600048769,0.0
21756,00833604048770,-0.0
21757,00843604048771,0.0
21758,00853600048773,-0.0
21759,00863605048774,-0.0
21760,01013600048789,0.0
21761,01083600048796,-0.0
21762,01093600048797,-0.0
21763,01103600048798,-0.0
21764,01123601048800,-0.0
21797,02223600048890,0.0
21798,02333600048901,0.0
21799,02343600048902,0.0
21800,02373605048905,0.0
21801,02423600048910,-0.0
21770,01213600048809,-0.0
21771,01443604048812,0.0
21772,01453600048813,0.0
21773,01463604048814,0.0
21774,01473604048815,0.0
21775,01493604048817,0.0
21776,01513604048819,0.0
21777,01523604048820,0.0
21778,01543604048822,0.0
21779,01573600048825,0.0
21780,01603600048828,0.0
21813,01283600048949,0.0
21814,01293600048950,-0.0
21815,01313600048952,-0.0
21816,01323600048953,-0.0
21817,01333600048954,-0.0
21786,01713605048839,0.0
21787,01723605048840,0.0
21788,01833601048851,-0.0
21789,01843601048852,-0.0
21790,02103600048878,-0.0
21791,02113600048879,0.0
21792,02133600048881,-0.0
21793,02173600048885,0.0
21794,02193605048887,0.0
21795,02203605048888,0.0
21796,02213600048889,0.0
21829,02793605048967,-0.0
21830,02843600048972,-0.0
21831,02853600048973,0.0
21832,02863600048974,0.0
21833,02903601048977,-0.0
21802,02433600048911,-0.0
21803,02443600048912,-0.0
21804,02453600048913,-0.0
21805,02463600048914,0.0
21806,02473600048915,-0.0
21807,02493600048917,-0.0
21808,02503600048918,-0.0
21809,01243600048945,-0.0
21810,01253600048946,-0.0
21811,01263600048947,-0.0
21812,01273600048948,-0.0
21845,03103600048998,0.0
21846,03113600048999,0.0
21847,03123600049000,0.0
21848,03133600049001,0.0
21849,03523600049040,0.0
21818,01343600048955,-0.0
21819,01353600048956,-0.0
21820,01373600048958,-0.0
21821,01383600048959,-0.0
21822,01393600048960,0.0
21823,01403600048961,-0.0
21824,01413600048962,-0.0
21825,01423600048963,0.0
21826,01433600048964,-0.0
21827,02773604048965,0.0
21828,02783600048966,-0.0
21861,03653600049053,-0.0
21862,03673600049055,-0.0
21863,03693600049057,0.0
21864,03733600049061,-0.0
21865,03763600049064,-0.0
21834,02913600048978,-0.0
21835,02923605048979,0.0
21836,02933605048980,0.0
21837,02893605048981,0.0
21838,02963600048984,0.0
21839,03023605048990,0.0
21840,03053600048993,0.0
21841,03073600048994,0.0
21842,03063600048995,-0.0
21843,03083600048996,-0.0
21844,03093600048997,0.0
21877,03963600049084,-0.0
21878,03973605049085,0.0
21879,03993605049087,0.0
21880,04003605049088,0.0
21881,04013604049089,0.0
21850,03533600049041,-0.0
21851,03543600049042,-0.0
21852,03553600049043,-0.0
21853,03563600049044,-0.0
21854,03573600049045,0.0
21855,03583600049046,0.0
21856,03593600049047,0.0
21857,03603600049048,0.0
21858,03613600049049,0.0
21859,03623600049050,0.0
21860,03633600049051,-0.0
21893,04383600049126,-0.0
21894,04393604049127,0.0
21895,04413605049129,-0.0
21896,04423600049130,0.0
21897,04433605049131,0.0
21866,03843605049072,0.0
21867,03853604049073,0.0
21868,03863605049074,0.0
21869,03873600049075,0.0
21870,03883605049077,0.0
21871,03903605049078,0.0
21872,03913604049079,0.0
21873,03923605049080,0.0
21874,03933600049081,0.0
21875,03943605049082,0.0
21876,03953604049083,0.0
21909,04583604049146,0.0
21910,04593600049147,0.0
21911,04603605049148,0.0
21912,04623605049150,0.0
21913,04633605049151,0.0
21882,04023600049090,-0.0
21883,04033600049091,0.0
21884,04043600049092,0.0
21885,04113601049098,-0.0
21886,04133604049100,0.0
21887,04143600049102,-0.0
21888,04163605049104,0.0
21889,04173604049105,0.0
21890,04353601049123,0.0
21891,04363601049124,0.0
21892,04373600049125,-0.0
21925,04723605049165,0.0
21926,04733605049166,0.0
21927,04813605049169,0.0
21928,04823605049170,0.0
21929,04833600049171,-0.0
21898,04463600049134,-0.0
21899,04473604049135,-0.0
21900,04483600049136,-0.0
21901,04503600049138,-0.0
21902,04513600049139,0.0
21903,04523605049140,0.0
21904,04533604049141,0.0
21905,04543605049142,0.0
21906,04553605049143,0.0
21907,04563600049144,0.0
21908,04573605049145,0.0
21941,05043600049192,0.0
21942,05063605049194,0.0
21943,05073604049195,0.0
21944,05083600049196,0.0
21945,05093605049197,0.0
21914,04743600049152,-0.0
21915,04763605049154,0.0
21916,04773604049155,0.0
21917,04643605049157,0.0
21918,04653604049158,0.0
21919,04663600049159,0.0
21920,04673605049160,0.0
21921,04683600049161,0.0
21922,04693604049162,0.0
21923,04703605049163,0.0
21924,04713604049164,0.0
21957,05273605049216,0.0
21958,05283604049217,0.0
21959,05303605049219,0.0
21960,05323605049220,0.0
21961,05423605049230,0.0
21930,04843600049172,0.0
21931,04853600049173,-0.0
21932,04863600049174,-0.0
21933,04873600049175,-0.0
21934,04963604049184,0.0
21935,04973600049185,0.0
21936,04993605049187,0.0
21937,05003605049188,0.0
21938,05013600049189,0.0
21939,05023605049190,0.0
21940,05033604049191,0.0
21973,05573604049246,0.0
21974,05593605049247,0.0
21975,05603604049248,0.0
21976,05613604049249,0.0
21977,05623601049250,-0.0
21946,05133600049201,-0.0
21947,05143605049202,0.0
21948,05153604049203,0.0
21949,05163605049204,0.0
21950,05173600049205,0.0
21951,05183600049206,0.0
21952,05193605049207,0.0
21953,05203604049208,0.0
21954,05213605049209,0.0
21955,05223604049210,0.0
21956,05313600049214,-0.0
21989,06073600049295,0.0
21990,06093600049297,-0.0
21991,06103600049298,0.0
21992,06113600049299,0.0
21993,06123600049300,0.0
21962,05443600049232,-0.0
21963,05453600049233,-0.0
21964,05463605049234,-0.0
21965,05473600049235,-0.0
21966,05493605049237,-0.0
21967,05503600049238,0.0
21968,05513600049239,0.0
21969,05523600049240,0.0
21970,05533605049241,0.0
21971,05543604049242,0.0
21972,05553605049243,0.0
22005,06463604049334,-0.0
22006,06533604049341,0.0
22007,06543601049342,0.0
22008,06553601049343,0.0
22009,06563601049344,0.0
21978,05633601049251,-0.0
21979,05643601049252,-0.0
21980,05653600049253,-0.0
21981,05663600049254,-0.0
21982,05743600049262,0.0
21983,05793600049267,0.0
21984,05803600049268,0.0
21985,05813605049269,0.0
21986,05823604049270,0.0
21987,05903600049278,-0.0
21988,06053600049293,0.0
22021,06983600049386,0.0
22022,06993604049387,0.0
22023,07003604049388,0.0
22024,07023600049390,0.0
22025,07033600049391,-0.0
21994,06173600049305,0.0
21995,06213600049309,-0.0
21996,06233600049311,-0.0
21997,06253600049313,-0.0
21998,06263600049314,-0.0
21999,06283600049316,-0.0
22000,06293600049317,-0.0
22001,06313600049319,-0.0
22002,06413600049329,-0.0
22003,06423604049330,0.0
22004,06443604049332,0.0
22037,07163600049404,-0.0
22038,07173600049405,0.0
22039,07183600049406,0.0
22040,07193600049407,-0.0
22041,07203600049408,0.0
22010,06573600049345,-0.0
22011,06583600049346,0.0
22012,06683604049356,0.0
22013,06863600049374,0.0
22014,06873600049375,-0.0
22015,06883600049376,0.0
22016,06893600049377,-0.0
22017,06903605049378,0.0
22018,06913604049379,0.0
22019,06953600049383,-0.0
22020,06973600049385,0.0
22053,07343604049422,0.0
22054,07353604049423,0.0
22055,07373600049425,-0.0
22056,07383603049426,0.0
22057,07393603049427,0.0
22026,07043600049392,0.0
22027,07053600049393,0.0
25645,14102200058647,-0.0
25644,14092200058646,0.0
22030,07093600049397,0.0
22031,07103600049398,0.0
22032,07113600049399,0.0
22033,07123604049400,0.0
22034,07133604049401,0.0
22035,07143600049402,0.0
22036,07153600049403,0.0
22069,07553601049443,-0.0
22070,07563601049444,-0.0
22071,07573601049445,-0.0
22072,07583601049446,-0.0
22073,07593601049447,-0.0
22042,07213600049409,0.0
22043,07223600049410,-0.0
22044,07233600049411,0.0
22045,07243600049412,-0.0
22046,07263600049414,0.0
22047,07273604049415,0.0
22048,07283604049416,0.0
22049,07293604049417,0.0
22050,07303604049418,0.0
22051,07313604049419,0.0
22052,07333604049421,-0.0
22085,07913603049470,0.0
22086,07923600049471,-0.0
22087,07943600049473,0.0
22088,07953603049474,0.0
22089,07963603049475,-0.0
22058,07403600049428,0.0
22059,07413601049429,0.0
22060,07423601049430,0.0
22061,07433600049431,0.0
22062,07443600049432,-0.0
22063,07453600049433,-0.0
22064,07463600049434,-0.0
22065,07473600049435,-0.0
22066,07513600049439,-0.0
22067,07523600049440,-0.0
22068,07533600049441,-0.0
22101,08243605049497,0.0
22102,08193605049499,-0.0
22103,08213605049501,0.0
22104,08253605049502,0.0
22105,08263605049503,0.0
22074,07603601049448,-0.0
22075,07613601049449,-0.0
22076,07623601049450,-0.0
22077,07633601049451,-0.0
22078,07673605049455,0.0
22079,07813603049460,0.0
22080,07833603049462,0.0
22081,07843603049463,0.0
22082,07883603049467,0.0
22083,07893603049468,0.0
22084,07903603049469,0.0
22117,08583603049546,0.0
22118,08663603049554,-0.0
22119,08693605049557,-0.0
22120,08703605049558,-0.0
22121,08713604049559,-0.0
22090,07973603049476,0.0
22091,07983603049477,0.0
22092,08033603049482,0.0
22093,08083603049487,0.0
22094,08093603049488,0.0
22095,08113603049490,0.0
22096,08123603049491,0.0
22097,08133603049492,0.0
22098,08153605049494,0.0
22099,08163605049495,0.0
22100,08173605049496,-0.0
22133,08853604049573,0.0
22134,08863604049574,0.0
22135,08873604049575,-0.0
22136,08883604049576,0.0
22137,08893604049577,0.0
22106,08223605049504,-0.0
22107,08233605049505,0.0
22108,08283605049507,0.0
22109,07733600049523,-0.0
22110,07753600049524,-0.0
22111,07763600049525,-0.0
22112,07773604049526,0.0
22113,08403604049528,0.0
22114,08413604049529,0.0
22115,08453603049533,0.0
22116,08563603049544,-0.0
22149,09133600049601,0.0
22150,09383600049610,-0.0
22151,09393600049611,-0.0
22152,09403600049612,-0.0
22153,09413600049613,0.0
22122,08723605049560,0.0
22123,08733605049561,0.0
22124,08743604049562,0.0
22125,08753605049563,-0.0
22126,08763605049564,-0.0
22127,08793600049567,0.0
22128,08803600049568,0.0
22129,08813604049569,0.0
22130,08823604049570,0.0
22131,08833604049571,0.0
22132,08843604049572,0.0
22165,09533600049625,0.0
22166,09543600049626,0.0
22167,09553600049627,0.0
22168,09563600049628,0.0
22169,09643600049636,-0.0
22138,08903601049578,0.0
22139,08913601049579,0.0
22140,08933601049581,-0.0
22141,08943601049582,-0.0
22142,08953600049583,-0.0
22143,08963601049584,-0.0
22144,08983601049586,-0.0
22145,09013604049589,0.0
22146,09043600049592,-0.0
22147,09113600049599,-0.0
22148,09123600049600,0.0
22181,09753600049656,-0.0
22182,09763601049657,0.0
22183,09773600049658,-0.0
22184,09783601049659,0.0
22185,09793600049660,-0.0
22154,09423600049614,0.0
22155,09433600049615,0.0
22156,09443600049616,0.0
22157,09453600049617,0.0
22158,09463600049618,0.0
22159,09473600049619,0.0
22160,09483600049620,0.0
22161,09493600049621,0.0
22162,09503600049622,0.0
22163,09513600049623,0.0
22164,09523600049624,0.0
22197,09933600049672,0.0
22198,09943601049673,0.0
22199,09953600049674,0.0
22200,09963600049675,0.0
22201,09973600049676,0.0
22170,09653605049637,0.0
22171,09663605049638,0.0
22172,09173604049641,-0.0
22173,09693600049648,0.0
22174,09703600049649,0.0
22175,09713600049650,0.0
22176,09723600049651,0.0
22177,09733600049652,0.0
22178,09743600049653,-0.0
22179,09813600049654,-0.0
22180,09823600049655,-0.0
22213,10133600049692,-0.0
22214,10143601049693,0.0
22215,10153600049694,-0.0
22216,10163601049695,0.0
22217,10173600049696,-0.0
22186,09803601049661,0.0
22187,09833600049662,-0.0
22188,09843600049663,-0.0
22189,09853600049664,0.0
22190,09863600049665,0.0
22191,09873600049666,0.0
22192,09883600049667,0.0
22193,09893600049668,0.0
22194,09903601049669,0.0
22195,09913600049670,0.0
22196,09923601049671,0.0
22229,10313601049710,0.0
22230,10323600049711,0.0
22231,10353601049714,0.0
22232,10363600049715,-0.0
22233,10373601049716,0.0
22202,09983600049677,0.0
22203,10003600049679,0.0
22204,10023600049681,0.0
22205,10033600049682,-0.0
22206,10043600049683,0.0
22207,10053600049684,0.0
22208,10063600049685,0.0
22209,10073600049686,0.0
22210,10083600049687,0.0
22211,10093600049688,0.0
22212,10103600049689,0.0
22245,10573600049752,-0.0
22246,10593600049754,-0.0
22247,10683600049756,-0.0
22248,10773600049765,-0.0
22249,10803600049768,0.0
22218,10183601049697,0.0
22219,10193600049698,-0.0
22220,10203600049699,-0.0
22221,10213600049700,-0.0
22222,10223600049701,-0.0
22223,10233600049702,-0.0
22224,10243600049703,-0.0
22225,10263600049705,-0.0
22226,10273601049706,0.0
22227,10293601049708,0.0
22228,10303600049709,-0.0
22261,11513601049839,-0.0
22262,11523600049840,-0.0
22263,11533600049841,0.0
22264,11543600049842,-0.0
22265,11553600049843,-0.0
22234,10383600049717,0.0
22235,10393601049718,0.0
22236,10423605049721,0.0
22237,09253605049734,0.0
22238,09283605049735,0.0
22239,09313605049738,0.0
22240,09323605049739,0.0
22241,10603600049745,-0.0
22242,10613600049746,-0.0
22243,10623600049747,-0.0
22244,10633600049748,-0.0
22277,11783600049866,-0.0
22278,11823601049870,0.0
22279,11833600049871,-0.0
22280,11843600049872,-0.0
22281,12113600049899,0.0
22250,10873605049775,-0.0
22251,10973605049785,0.0
22252,11023601049790,-0.0
22253,11033601049791,-0.0
22254,11043601049792,-0.0
22255,11053601049793,-0.0
22256,11243600049812,0.0
22257,11303600049817,-0.0
22258,11293600049818,-0.0
22259,11483605049836,-0.0
22260,11503601049838,0.0
22293,12353602049923,0.0
22294,12363600049924,-0.0
22295,12373600049925,-0.0
22296,12383600049926,-0.0
22297,12393600049927,0.0
22266,11563600049844,-0.0
22267,11573600049845,-0.0
22268,11593600049847,-0.0
22269,11603604049848,-0.0
22270,11703600049858,-0.0
22271,11713600049859,-0.0
22272,11733600049861,0.0
22273,11743600049862,0.0
22274,11753600049863,0.0
22275,11763600049864,0.0
22276,11773600049865,0.0
22309,12763600049964,0.0
22310,12773600049965,-0.0
22311,12783600049966,-0.0
22312,12793600049967,-0.0
22313,12813600049969,-0.0
22282,12223605049910,0.0
22283,12233605049911,-0.0
22284,12263600049914,-0.0
22285,12273600049915,-0.0
22286,12283600049916,-0.0
22287,12293605049917,0.0
22288,12303605049918,0.0
22289,12313600049919,0.0
22290,12323600049920,-0.0
22291,12333605049921,0.0
22292,12343604049922,0.0
22325,13313600050018,-0.0
22326,13323604050020,0.0
22327,13333600050021,0.0
22328,13343604050022,0.0
22329,13353604050023,0.0
22298,12403600049928,0.0
22299,12413600049929,0.0
22300,12433600049931,0.0
22301,12473600049935,0.0
22302,12483600049936,-0.0
22303,12583600049946,0.0
22304,12603600049948,0.0
22305,12693600049957,-0.0
22306,12703600049958,-0.0
22307,12713600049959,-0.0
22308,12753600049963,0.0
22341,13703600050058,0.0
22342,13713600050059,0.0
22343,13823600050070,0.0
22344,13983601050086,0.0
22345,13993600050087,0.0
22314,12823600049970,-0.0
22315,12833600049971,-0.0
22316,12843600049972,-0.0
22317,12853600049973,-0.0
22318,12863600049974,-0.0
22319,12883600049976,-0.0
22320,12923605049980,0.0
22321,12933604049981,0.0
22322,13273600050015,-0.0
22323,13283600050016,-0.0
22324,13293600050017,-0.0
22357,14163600050104,0.0
22358,14173600050105,0.0
22359,14203603050108,0.0
22360,14313600050119,0.0
22361,14323601050120,-0.0
22330,13363600050024,0.0
22331,13373600050025,-0.0
22332,13433600050031,0.0
22333,13623600050050,-0.0
22334,13633600050051,0.0
22335,13643600050052,-0.0
22336,13653600050053,0.0
22337,13663600050054,-0.0
22338,13673600050055,-0.0
22339,13683600050056,-0.0
22340,13693600050057,-0.0
22373,00583900050177,-0.0
22374,00603900050179,-0.0
22375,00613904050180,-0.0
22376,00733900050192,-0.0
22377,00743900050193,0.0
22346,14003600050088,-0.0
22347,14023605050090,0.0
22348,14063600050094,0.0
22349,14073600050095,0.0
22350,14083600050096,0.0
22351,14093600050097,0.0
22352,14113600050099,-0.0
22353,14123600050100,-0.0
22354,14133600050101,-0.0
22355,14143600050102,-0.0
22356,14153600050103,0.0
22389,01443904050244,0.0
22390,01473904050247,-0.0
22391,01513904050251,0.0
22392,01523904050252,0.0
22393,01833901050283,0.0
22362,00023900050121,-0.0
22363,00033900050122,-0.0
22364,00043900050123,-0.0
22365,00053900050124,0.0
22366,00063900050125,0.0
22367,00073900050126,0.0
22368,00503901050169,-0.0
22369,00543901050173,0.0
22370,00553901050174,0.0
22371,00563900050175,-0.0
22372,00573900050176,-0.0
22405,01273900050380,-0.0
22406,01283900050381,-0.0
22407,01293900050382,-0.0
22408,01303900050383,-0.0
22409,01313900050384,-0.0
22378,00753900050194,0.0
22379,00763904050195,0.0
22380,00793900050198,0.0
22381,00803900050199,0.0
22382,00823900050201,-0.0
22383,00833904050202,-0.0
22384,00843904050203,-0.0
22385,00853900050205,-0.0
22386,00863905050206,-0.0
22387,00883903050208,-0.0
22388,01123901050232,-0.0
22421,01433900050396,-0.0
22422,02773904050397,0.0
22423,02903901050409,-0.0
22424,02893905050413,0.0
22425,03513900050471,0.0
22394,02423900050342,-0.0
22395,02443900050344,-0.0
22396,02453900050345,-0.0
22397,02463900050346,0.0
22398,02473900050347,-0.0
22399,02483900050348,-0.0
22400,02493900050349,-0.0
22401,02503900050350,-0.0
22402,01243900050377,-0.0
22403,01253900050378,-0.0
22404,01263900050379,-0.0
22437,03693900050489,-0.0
22438,03713900050491,-0.0
22439,03733900050493,-0.0
22440,03763900050496,-0.0
22441,03843905050504,0.0
22410,01323900050385,-0.0
22411,01333900050386,-0.0
22412,01343900050387,-0.0
22413,01353900050388,-0.0
22414,01363900050389,-0.0
22415,01373900050390,-0.0
22416,01383900050391,-0.0
22417,01393900050392,-0.0
22418,01403900050393,-0.0
22419,01413900050394,-0.0
22420,01423900050395,-0.0
22453,04843900050604,0.0
22454,04853900050605,-0.0
22455,04863900050606,-0.0
22456,04873900050607,-0.0
22457,04883900050608,-0.0
22426,03533900050473,0.0
22427,03543900050474,-0.0
22428,03553900050475,-0.0
22429,03563900050476,-0.0
22430,03583900050478,0.0
22431,03603900050480,0.0
22432,03613900050481,0.0
22433,03623900050482,0.0
22434,03633900050483,-0.0
22435,03653900050485,-0.0
22436,03673900050487,-0.0
22469,05663900050686,-0.0
22470,05743900050694,0.0
22471,06173900050737,-0.0
22472,06193900050739,-0.0
22473,06213900050741,-0.0
22442,03863905050506,-0.0
22443,03973905050517,0.0
22444,03993905050519,0.0
22445,04013904050521,0.0
22446,04113901050530,-0.0
22447,04053904050533,0.0
22448,04353901050555,0.0
22449,04363901050556,0.0
22450,04393904050559,0.0
22451,04573905050577,0.0
22452,04833900050603,-0.0
22485,06563901050776,0.0
22486,06573900050777,-0.0
22487,06583900050778,0.0
22488,06683904050788,0.0
22489,06953900050815,-0.0
22458,04963904050616,0.0
22459,05423905050662,0.0
22460,05473900050667,-0.0
22461,05513900050671,-0.0
22462,05533905050673,0.0
22463,05543904050674,0.0
22464,05553905050675,0.0
22465,05623901050682,0.0
22466,05633901050683,0.0
22467,05643901050684,0.0
22468,05653900050685,-0.0
22501,07123904050832,0.0
22502,07133904050833,0.0
22503,07143900050834,0.0
22504,07163900050836,-0.0
22505,07173900050837,0.0
22474,06233900050743,-0.0
22475,06253900050745,-0.0
22476,06263900050746,-0.0
22477,06283900050748,-0.0
22478,06293900050749,-0.0
22479,06313900050751,-0.0
22480,06413900050761,-0.0
22481,06423904050762,0.0
22482,06533904050773,0.0
22483,06543901050774,0.0
22484,06553901050775,0.0
22517,07343904050854,-0.0
22518,07353904050855,0.0
22519,07413901050861,0.0
22520,07423901050862,0.0
22521,07443900050864,0.0
22490,06973900050817,-0.0
22491,06983900050818,0.0
22492,07013900050821,0.0
22493,07023900050822,-0.0
22494,07033900050823,-0.0
22495,07043900050824,0.0
22496,07053900050825,0.0
22497,07063900050826,0.0
22498,07073900050827,0.0
22499,07103900050830,0.0
22500,07113900050831,0.0
22533,07613901050881,-0.0
22534,07623901050882,-0.0
22535,07633901050883,-0.0
22536,07663900050886,0.0
22537,07673905050887,-0.0
22506,07183900050838,0.0
22507,07193900050839,0.0
22508,07203900050840,0.0
22509,07223900050842,-0.0
22510,07233900050843,0.0
22511,07243900050844,0.0
22512,07253900050845,-0.0
22513,07283904050848,0.0
22514,07293904050849,0.0
22515,07313904050851,0.0
22516,07333904050853,0.0
22549,08113903050922,0.0
22550,08123903050923,0.0
22551,08133903050924,0.0
22552,08193905050931,-0.0
22553,08213905050933,0.0
22522,07453900050865,-0.0
22523,07463900050866,-0.0
22524,07473900050867,-0.0
22525,07513900050871,-0.0
22526,07523900050872,-0.0
22527,07533900050873,-0.0
22528,07553901050875,-0.0
22529,07573901050877,-0.0
22530,07583901050878,-0.0
22531,07593901050879,-0.0
22532,07603901050880,-0.0
22565,08833904051003,0.0
22566,08853904051005,0.0
22567,08863904051006,0.0
22568,08883904051008,0.0
22569,08893904051009,0.0
22538,07803905050891,0.0
22539,07823903050893,0.0
22540,07843903050895,0.0
22541,07863903050897,0.0
22542,07883903050899,0.0
22543,07903903050901,0.0
22544,07913903050902,0.0
22545,07973903050908,0.0
22546,07983903050909,0.0
22547,08033903050914,0.0
22548,08093903050920,0.0
22581,09403900051044,-0.0
22582,09413900051045,0.0
22583,09423900051046,0.0
22584,09433900051047,0.0
22585,09443900051048,0.0
22554,08253905050934,0.0
22555,07773904050958,0.0
22556,08403904050960,0.0
22557,08413904050961,0.0
22558,08563903050976,0.0
22559,08583903050978,0.0
22560,08663903050986,0.0
22561,08793900050999,0.0
22562,08803900051000,0.0
22563,08813904051001,0.0
22564,08823904051002,0.0
22597,09743900051085,-0.0
22598,09813900051086,-0.0
22599,09823900051087,-0.0
22600,09753900051088,-0.0
22601,09763901051089,0.0
22570,08903901051010,0.0
22571,08913901051011,0.0
22572,08923901051012,0.0
22573,08933901051013,-0.0
22574,08943901051014,-0.0
22575,08953900051015,-0.0
22576,08963901051016,-0.0
22577,08983901051018,-0.0
22578,09013904051021,0.0
22579,09383900051042,-0.0
22580,09393900051043,-0.0
22613,09913900051102,0.0
22614,09923901051103,0.0
22615,09933900051104,0.0
22616,09943901051105,0.0
22617,09953900051106,0.0
22586,09453900051049,0.0
22587,09463900051050,-0.0
22588,09503900051054,-0.0
22589,09523900051056,-0.0
22590,09563900051060,0.0
22591,09653905051069,0.0
22592,09693900051080,-0.0
22593,09703900051081,0.0
22594,09713900051082,-0.0
22595,09723900051083,-0.0
22596,09733900051084,-0.0
22629,10073900051118,0.0
22630,10083900051119,0.0
22631,10093900051120,-0.0
22632,10113900051122,-0.0
22633,10123900051123,-0.0
22602,09773900051090,-0.0
22603,09783901051091,0.0
22604,09793900051092,-0.0
22605,09803901051093,0.0
22606,09833900051094,-0.0
22607,09843900051095,-0.0
22608,09853900051096,-0.0
22609,09863900051097,-0.0
22610,09883900051099,-0.0
22611,09893900051100,0.0
22612,09903901051101,0.0
22645,10243900051135,0.0
22646,10253900051136,0.0
22647,10263900051137,0.0
22648,10273901051138,0.0
22649,10283900051139,-0.0
22618,09963900051107,0.0
22619,09973900051108,0.0
22620,09983900051109,0.0
22621,09993900051110,0.0
22622,10003900051111,0.0
22623,10013900051112,0.0
22624,10023900051113,0.0
22625,10033900051114,0.0
22626,10043900051115,0.0
22627,10053900051116,0.0
22628,10063900051117,0.0
22661,10613900051178,-0.0
22662,10623900051179,-0.0
22663,10633900051180,-0.0
22664,10683900051188,-0.0
22665,10773900051197,-0.0
22634,10133900051124,-0.0
22635,10143901051125,0.0
22636,10153900051126,-0.0
22637,10163901051127,0.0
22638,10173900051128,-0.0
22639,10183901051129,0.0
22640,10193900051130,-0.0
22641,10203900051131,-0.0
22642,10213900051132,-0.0
22643,10223900051133,-0.0
22644,10233900051134,0.0
22677,11553900051275,-0.0
22678,11563900051276,-0.0
22679,11573900051277,-0.0
22680,11593900051279,0.0
22681,11603904051280,-0.0
22650,10293901051140,0.0
22651,10303900051141,-0.0
22652,10313901051142,0.0
22653,10323900051143,0.0
22654,10353901051146,0.0
22655,10363900051147,-0.0
22656,10373901051148,0.0
22657,10383900051149,0.0
22658,10393901051150,0.0
22659,09253905051166,0.0
22660,10603900051177,-0.0
22693,12113900051331,0.0
22694,12273900051347,0.0
22695,12283900051348,0.0
22696,12353902051355,0.0
22697,12433900051363,0.0
22666,10803900051200,0.0
22667,11023901051222,-0.0
22668,11043901051224,-0.0
22669,11053901051225,-0.0
22670,11243900051244,-0.0
22671,11463900051266,-0.0
22672,11503901051270,0.0
22673,11513901051271,0.0
22674,11523900051272,-0.0
22675,11533900051273,0.0
22676,11543900051274,-0.0
22709,13273900051447,-0.0
22710,13283900051448,-0.0
22711,13293900051449,-0.0
22712,13323904051452,0.0
22713,13333900051453,0.0
22682,11613904051281,0.0
22683,11703900051290,0.0
22684,11713900051291,0.0
22685,11733900051293,-0.0
22686,11753900051295,-0.0
22687,11763900051296,-0.0
22688,11773900051297,-0.0
22689,11783900051298,-0.0
22690,11823901051302,0.0
22691,11833900051303,-0.0
22692,11843900051304,-0.0
22725,13993900051519,0.0
22726,14003900051520,-0.0
22727,14023905051522,0.0
22728,14063900051526,-0.0
22729,14083900051528,-0.0
22698,12453900051365,0.0
22699,12473900051367,0.0
22700,12493900051369,0.0
22701,12503900051370,-0.0
22702,12583900051378,0.0
22703,12693900051389,-0.0
22704,12703900051390,-0.0
22705,12713900051391,-0.0
22706,12753900051395,0.0
22707,12763900051396,0.0
22708,13043904051424,0.0
22741,00042200051555,-0.0
22742,00052200051556,0.0
22743,00062200051557,0.0
22744,00072200051558,0.0
22745,00252205051576,0.0
22714,13343904051454,0.0
22715,13353904051455,-0.0
22716,13703900051490,0.0
22717,13713900051491,0.0
22718,13823900051502,0.0
22719,13843900051504,0.0
22720,13863900051506,0.0
22721,13883900051508,0.0
22722,13903900051510,0.0
22723,13923900051512,0.0
22724,13983901051518,0.0
22757,00452204051596,0.0
22758,00482200051599,-0.0
22759,00492205051600,0.0
22760,00502201051601,-0.0
22761,00542201051605,-0.0
22730,14093900051529,-0.0
22731,14103900051530,-0.0
22732,14113900051531,-0.0
22733,14133900051533,0.0
22734,14143900051534,0.0
22735,14163900051536,-0.0
22736,14173900051537,-0.0
22737,14203903051540,0.0
22738,14313900051551,0.0
22739,14323901051552,0.0
22740,00022200051553,-0.0
22773,00692205051620,-0.0
22774,00702205051621,-0.0
22775,00722200051623,-0.0
22776,00732200051624,0.0
22777,00742200051625,0.0
22746,00272205051578,0.0
22747,00322200051583,-0.0
22748,00332204051584,0.0
22749,00352205051586,0.0
22750,00362200051587,0.0
22751,00372205051588,0.0
22752,00392204051590,0.0
22753,00412200051592,0.0
22754,00422204051593,0.0
22755,00432200051594,-0.0
22756,00442200051595,-0.0
22789,01202205051672,0.0
22790,01212200051673,-0.0
22791,01442204051676,0.0
22792,01452200051677,0.0
22793,01462204051678,0.0
22762,00552201051606,-0.0
22763,00562200051607,-0.0
22764,00572200051608,-0.0
22765,00582200051609,-0.0
22766,00602200051611,0.0
22767,00612204051612,0.0
22768,00632200051614,0.0
22769,00642200051615,0.0
22770,00662205051617,0.0
22771,00672204051618,0.0
22772,00682205051619,-0.0
22805,01842201051716,-0.0
22806,02102200051742,-0.0
22807,02112200051743,-0.0
22808,02172200051749,0.0
22809,02192205051751,0.0
22778,00752200051626,0.0
22779,00762204051627,0.0
22780,00792200051630,0.0
22781,00802200051631,0.0
22782,00812204051632,0.0
22783,00822200051633,0.0
22784,00832204051634,0.0
22785,00842204051635,0.0
22786,00862205051638,0.0
22787,01122201051664,-0.0
22788,01192200051671,-0.0
22821,02492200051781,-0.0
22822,02502200051782,-0.0
22823,01242200051809,0.0
22824,01252200051810,-0.0
22825,01262200051811,-0.0
22794,01472204051679,0.0
22795,01492204051681,0.0
22796,01512204051683,0.0
22797,01522204051684,0.0
22798,01532204051685,0.0
22799,01542204051686,0.0
22800,01602200051692,-0.0
22801,01612204051693,-0.0
22802,01672204051699,0.0
22803,01682204051700,0.0
22804,01712205051703,0.0
22837,01422200051827,-0.0
22838,01432200051828,-0.0
22839,02772204051829,0.0
22840,02782200051830,-0.0
22841,02792205051831,-0.0
22810,02202205051752,0.0
22811,02212200051753,0.0
22812,02222200051754,0.0
22813,02332200051765,0.0
22814,02342200051766,0.0
22815,02372205051769,0.0
22816,02422200051774,-0.0
22817,02432200051775,-0.0
22818,02442200051776,-0.0
22819,02462200051778,0.0
22820,02472200051779,-0.0
22853,03092200051861,0.0
22854,03102200051862,0.0
22855,03122200051864,0.0
22856,03132200051865,0.0
22857,03512200051903,0.0
22826,01272200051812,-0.0
22827,01282200051813,-0.0
22828,01292200051814,0.0
22829,01302200051815,0.0
22830,01312200051816,-0.0
22831,01342200051819,0.0
22832,01352200051820,-0.0
22833,01362200051821,-0.0
22834,01372200051822,-0.0
22835,01392200051824,-0.0
22836,01412200051826,-0.0
22869,03652200051917,-0.0
22870,03672200051919,-0.0
22871,03692200051921,-0.0
22872,03712200051923,-0.0
22873,03732200051925,-0.0
22842,02842200051836,0.0
22843,02852200051837,0.0
22844,02862200051838,0.0
22845,02902201051841,-0.0
22846,02912200051842,-0.0
22847,02892205051845,0.0
22848,03042200051856,-0.0
22849,03052200051857,-0.0
22850,03072200051858,-0.0
22851,03062200051859,0.0
22852,03082200051860,0.0
22885,04132204051964,0.0
22886,04052204051965,0.0
22887,04332200051985,0.0
22888,04342200051986,0.0
22889,04382200051990,-0.0
22858,03532200051905,0.0
22859,03542200051906,-0.0
22860,03552200051907,-0.0
22861,03562200051908,-0.0
22862,03572200051909,0.0
22863,03582200051910,0.0
22864,03592200051911,0.0
22865,03602200051912,0.0
22866,03612200051913,0.0
22867,03622200051914,0.0
22868,03632200051915,-0.0
22901,04572205052009,0.0
22902,04582204052010,0.0
22903,04602205052012,0.0
22904,04622205052014,0.0
22905,04632205052015,0.0
22874,03762200051928,-0.0
22875,03842205051936,0.0
22876,03852204051937,0.0
22877,03862205051938,0.0
22878,03882205051941,0.0
22879,03922205051944,0.0
22880,03962200051948,-0.0
22881,04022200051954,0.0
22882,04032200051955,0.0
22883,04042200051956,0.0
22884,04112201051962,-0.0
22917,04842200052036,0.0
22918,04852200052037,-0.0
22919,04862200052038,-0.0
22920,04872200052039,-0.0
22921,04962204052048,0.0
22890,04392204051991,0.0
22891,04412205051993,-0.0
22892,04432205051995,0.0
22893,04462200051998,-0.0
22894,04472204051999,-0.0
22895,04482200052000,-0.0
22896,04502200052002,-0.0
22897,04522205052004,0.0
22898,04532204052005,0.0
22899,04542205052006,0.0
22900,04552205052007,0.0
22933,05552205052107,0.0
22934,05572204052110,0.0
22935,05612204052113,0.0
22936,05622201052114,-0.0
22937,05632201052115,-0.0
22906,04642205052021,0.0
22907,04652204052022,0.0
22908,04672205052024,0.0
22909,04692204052026,0.0
22910,04702205052027,0.0
22911,04712204052028,0.0
22912,04722205052029,0.0
22913,04732205052030,0.0
22914,04812205052033,0.0
22915,04822205052034,0.0
22916,04832200052035,-0.0
22949,05882200052140,0.0
22950,05892200052141,0.0
22951,05902200052142,0.0
22952,06032200052155,-0.0
22953,06042200052156,0.0
22922,05212205052073,0.0
22923,05222204052074,0.0
22924,05422205052094,-0.0
22925,05452200052097,0.0
22926,05462205052098,0.0
22927,05472200052099,-0.0
22928,05492205052101,0.0
22929,05512200052103,-0.0
22930,05522200052104,-0.0
22931,05532205052105,0.0
22932,05542204052106,0.0
22965,06292200052181,-0.0
22966,06312200052183,-0.0
22967,06412200052193,-0.0
22968,06422204052194,0.0
22969,06462204052198,0.0
22938,05642201052116,-0.0
22939,05652200052117,-0.0
22940,05662200052118,-0.0
22941,05742200052126,0.0
22942,05792200052131,-0.0
22943,05812205052133,0.0
22944,05822204052134,0.0
22945,05852200052135,0.0
22946,05832200052136,0.0
22947,05842200052137,0.0
22948,05872200052139,0.0
22981,06982200052250,-0.0
22982,06992204052251,0.0
22983,07002204052252,0.0
22984,07012200052253,-0.0
22985,07022200052254,0.0
22954,06052200052157,0.0
22955,06062200052158,0.0
22956,06092200052161,-0.0
22957,06122200052164,0.0
22958,06172200052169,-0.0
22959,06192200052171,-0.0
22960,06212200052173,-0.0
22961,06232200052175,-0.0
22962,06252200052177,-0.0
22963,06262200052178,-0.0
22964,06282200052180,-0.0
22997,07152200052267,0.0
22998,07162200052268,0.0
22999,07172200052269,0.0
23000,07182200052270,0.0
23001,07202200052272,0.0
22970,06522200052204,0.0
22971,06532204052205,0.0
22972,06542201052206,0.0
22973,06552201052207,0.0
22974,06562201052208,0.0
22975,06572200052209,-0.0
22976,06582200052210,0.0
22977,06682204052220,0.0
22978,06772200052229,-0.0
22979,06952200052247,-0.0
22980,06972200052249,0.0
23013,07342204052286,0.0
23014,07352204052287,0.0
23015,07372200052289,-0.0
23016,07382203052290,0.0
23017,07392203052291,0.0
22986,07032200052255,0.0
22987,07042200052256,0.0
22988,07052200052257,0.0
22989,07072200052259,-0.0
22990,07082200052260,-0.0
22991,07092200052261,0.0
22992,07102200052262,-0.0
22993,07112200052263,0.0
22994,07122204052264,0.0
22995,07132204052265,0.0
22996,07142200052266,-0.0
23029,07562201052308,-0.0
23030,07572201052309,-0.0
23031,07582201052310,-0.0
23032,07592201052311,-0.0
23033,07602201052312,-0.0
23002,07212200052273,0.0
23003,07222200052274,-0.0
23004,07232200052275,0.0
23005,07242200052276,-0.0
23006,07262200052278,0.0
23007,07272204052279,0.0
23008,07282204052280,0.0
23009,07292204052281,-0.0
23010,07302204052282,0.0
23011,07312204052283,0.0
23012,07332204052285,0.0
23045,07902203052333,0.0
23046,07912203052334,0.0
23047,07942200052337,0.0
23048,07952203052338,0.0
23049,07982203052341,0.0
23018,07402200052292,0.0
23019,07412201052293,0.0
23020,07422201052294,0.0
23021,07432200052295,-0.0
23022,07452200052297,-0.0
23023,07462200052298,-0.0
23024,07472200052299,-0.0
23025,07512200052303,-0.0
23026,07522200052304,-0.0
23027,07532200052305,-0.0
23028,07552201052307,-0.0
23061,08382201052381,0.0
23062,07732200052387,-0.0
23063,07762200052389,-0.0
23064,07772204052390,0.0
23065,08402204052392,0.0
23034,07612201052313,-0.0
23035,07622201052314,-0.0
23036,07632201052315,-0.0
23037,07662200052318,-0.0
23038,07812203052324,-0.0
23039,07822203052325,-0.0
23040,07832203052326,0.0
23041,07842203052327,0.0
23042,07862203052329,-0.0
23043,07882203052331,0.0
23044,07892203052332,-0.0
23077,08742204052426,0.0
23078,08752205052427,-0.0
23079,08762205052428,-0.0
23080,08792200052431,-0.0
23081,08802200052432,0.0
23050,08032203052346,0.0
23051,08112203052354,0.0
23052,08122203052355,0.0
23053,08132203052356,0.0
23054,08152205052358,0.0
23055,08162205052359,0.0
23056,08172205052360,-0.0
23057,08212205052365,-0.0
23058,08252205052366,0.0
23059,08262205052367,0.0
23060,08282205052371,0.0
23093,08922201052444,-0.0
23094,08932201052445,-0.0
23095,08942201052446,-0.0
23096,08962201052448,-0.0
23097,08982201052450,-0.0
23066,08412204052393,0.0
23067,08452203052397,0.0
23068,08532203052405,-0.0
23069,08562203052408,0.0
23070,08582203052410,-0.0
23071,08662203052418,-0.0
23072,08692205052421,-0.0
23073,08702205052422,-0.0
23074,08712204052423,-0.0
23075,08722205052424,0.0
23076,08732205052425,0.0
23109,09452200052481,0.0
23110,09462200052482,0.0
23111,09472200052483,0.0
23112,09482200052484,0.0
23113,09492200052485,0.0
23082,08812204052433,0.0
23083,08822204052434,0.0
23084,08832204052435,-0.0
23085,08842204052436,0.0
23086,08852204052437,0.0
23087,08862204052438,0.0
23088,08872204052439,0.0
23089,08882204052440,0.0
23090,08892204052441,0.0
23091,08902201052442,0.0
23092,08912201052443,-0.0
23125,09172204052505,0.0
23126,09702200052513,0.0
23127,09732200052516,-0.0
23128,09742200052517,-0.0
23129,09812200052518,-0.0
23098,09012204052453,0.0
23099,09032200052455,0.0
23100,09122200052464,0.0
23101,09132200052465,0.0
23102,09382200052474,-0.0
23103,09392200052475,-0.0
23104,09402200052476,-0.0
23105,09412200052477,0.0
23106,09422200052478,0.0
23107,09432200052479,0.0
23108,09442200052480,0.0
23141,09892200052532,0.0
23142,09902201052533,0.0
23143,09912200052534,0.0
23144,09922201052535,0.0
23145,09932200052536,0.0
23114,09502200052486,0.0
23115,09512200052487,0.0
23116,09522200052488,0.0
23117,09532200052489,-0.0
23118,09542200052490,0.0
23119,09552200052491,-0.0
23120,09562200052492,0.0
23121,09632205052499,0.0
23122,09642200052500,0.0
23123,09652205052501,0.0
23124,09662205052502,0.0
23157,10072200052550,-0.0
23158,10082200052551,-0.0
23159,10092200052552,-0.0
23160,10102200052553,-0.0
23161,10112200052554,-0.0
23130,09822200052519,-0.0
23131,09752200052520,-0.0
23132,09762201052521,0.0
23133,09772200052522,-0.0
23134,09782201052523,0.0
23135,09792200052524,-0.0
23136,09802201052525,0.0
23137,09852200052528,0.0
23138,09862200052529,0.0
23139,09872200052530,0.0
23140,09882200052531,0.0
23173,10232200052566,-0.0
23174,10242200052567,-0.0
23175,10262200052569,-0.0
23176,10272201052570,0.0
23177,10282200052571,0.0
23146,09942201052537,0.0
23147,09952200052538,0.0
23148,09962200052539,0.0
23149,09972200052540,0.0
23150,09982200052541,0.0
23151,09992200052542,0.0
23152,10002200052543,0.0
23153,10012200052544,0.0
23154,10022200052545,0.0
23155,10032200052546,0.0
23156,10042200052547,0.0
23189,09312205052602,0.0
23190,09322205052603,0.0
23191,10602200052609,-0.0
23192,10612200052610,-0.0
23193,10622200052611,-0.0
23162,10122200052555,-0.0
23163,10132200052556,-0.0
23164,10142201052557,0.0
23165,10152200052558,-0.0
23166,10162201052559,0.0
23167,10172200052560,-0.0
23168,10182201052561,0.0
23169,10192200052562,-0.0
23170,10202200052563,-0.0
23171,10212200052564,-0.0
23172,10222200052565,-0.0
23205,11042201052656,-0.0
23206,11052201052657,-0.0
23207,11242200052676,0.0
23208,11302200052681,-0.0
23209,11292200052682,-0.0
23178,10292201052572,0.0
23179,10302200052573,0.0
23180,10312201052574,0.0
23181,10322200052575,0.0
23182,10352201052578,0.0
23183,10362200052579,-0.0
23184,10372201052580,0.0
23185,10382200052581,0.0
23186,10392201052582,0.0
23187,09252205052598,-0.0
23188,09282205052599,0.0
23221,11602204052712,-0.0
23222,11612204052713,-0.0
23223,11722200052724,0.0
23224,11742200052726,0.0
23225,11782200052730,-0.0
23194,10632200052612,-0.0
23195,10572200052616,-0.0
23196,10582200052617,-0.0
23197,10592200052618,-0.0
23198,10682200052620,-0.0
23199,10772200052629,-0.0
23200,10802200052632,-0.0
23201,10922202052644,0.0
23202,10972205052649,0.0
23203,11022201052654,-0.0
23204,11032201052655,-0.0
23237,12302205052782,0.0
23238,12312200052783,-0.0
23239,12332205052785,0.0
23240,12342204052786,0.0
23241,12432200052795,0.0
23210,11462200052698,-0.0
23211,11482205052700,-0.0
23212,11492200052701,-0.0
23213,11512201052703,0.0
23214,11522200052704,-0.0
23215,11532200052705,0.0
23216,11542200052706,-0.0
23217,11552200052707,-0.0
23218,11562200052708,-0.0
23219,11572200052709,-0.0
23220,11592200052711,-0.0
23253,12922205052844,0.0
23254,12932204052845,0.0
23255,13272200052879,0.0
23256,13282200052880,0.0
23257,13292200052881,0.0
23226,11822201052734,0.0
23227,11832200052735,-0.0
23228,11842200052736,0.0
23229,11942200052746,0.0
23230,12112200052763,0.0
23231,12222205052774,0.0
23232,12232205052775,-0.0
23233,12262200052778,-0.0
23234,12272200052779,-0.0
23235,12282200052780,-0.0
23236,12292205052781,0.0
23269,13622200052914,-0.0
23270,13632200052915,-0.0
23271,13642200052916,-0.0
23272,13652200052917,-0.0
23273,13662200052918,-0.0
23242,12452200052797,0.0
23243,12472200052799,0.0
23244,12482200052800,0.0
23245,12502200052802,0.0
23246,12582200052810,0.0
23247,12602200052812,0.0
23248,12692200052821,-0.0
23249,12702200052822,-0.0
23250,12712200052823,-0.0
23251,12752200052827,0.0
23252,12762200052828,0.0
23285,14102200052962,-0.0
23286,14112200052963,-0.0
23287,14122200052964,-0.0
23288,14132200052965,-0.0
23289,14142200052966,-0.0
23258,13312200052882,-0.0
23259,13302200052883,-0.0
23260,13322204052884,0.0
23261,13332200052885,0.0
23262,13342204052886,0.0
23263,13352204052887,0.0
23264,13362200052888,0.0
23265,13372200052889,-0.0
23266,13382200052890,0.0
23267,13392205052891,0.0
23268,13412205052893,0.0
23301,00254005053008,0.0
23302,00274005053010,0.0
23303,00324000053015,-0.0
23304,00334004053016,0.0
23305,00354005053018,0.0
23274,13682200052920,-0.0
23275,13702200052922,0.0
23276,13712200052923,0.0
23277,13982201052950,0.0
23278,13992200052951,0.0
23279,14002200052952,0.0
23280,14022205052954,0.0
23281,14062200052958,0.0
23282,14072200052959,0.0
23283,14082200052960,0.0
23284,14092200052961,0.0
23317,00614004053044,0.0
23318,00624000053045,-0.0
23319,00634000053046,-0.0
23320,00644000053047,-0.0
23321,00664005053049,0.0
23290,14152200052967,0.0
23291,14162200052968,0.0
23292,14172200052969,0.0
23293,14202203052972,0.0
23294,14312200052983,0.0
23295,14322201052984,-0.0
23296,00024000052985,-0.0
23297,00034000052986,0.0
23298,00044000052987,-0.0
23299,00054000052988,0.0
23300,00064000052989,0.0
23333,00834004053066,-0.0
23334,00844004053067,0.0
23335,00854000053069,0.0
23336,00864005053070,0.0
23337,01124001053096,-0.0
23306,00364000053019,-0.0
23307,00374005053020,-0.0
23308,00394004053022,0.0
23309,00424004053025,0.0
23310,00454004053028,0.0
23311,00494005053032,0.0
23312,00544001053037,-0.0
23313,00554001053038,-0.0
23314,00564000053039,-0.0
23315,00584000053041,-0.0
23316,00604000053043,0.0
23349,01514004053115,0.0
23350,01524004053116,-0.0
23351,01534004053117,-0.0
23352,01574000053121,0.0
23353,01604000053124,0.0
23322,00674004053050,0.0
23323,00684005053051,-0.0
23324,00694005053052,-0.0
23325,00704005053053,-0.0
23326,00724000053055,0.0
23327,00744000053057,-0.0
23328,00754000053058,0.0
23329,00764004053059,0.0
23330,00794000053062,0.0
23331,00804000053063,0.0
23332,00814004053064,0.0
23365,02454000053209,-0.0
23366,02464000053210,0.0
23367,02474000053211,-0.0
23368,02484000053212,-0.0
23369,02494000053213,-0.0
23338,01144000053098,0.0
23339,01194000053103,-0.0
23340,01204005053104,0.0
23341,01214000053105,0.0
23342,01444004053108,0.0
23343,01454000053109,-0.0
23344,01464004053110,-0.0
23345,01474004053111,-0.0
23346,01484004053112,-0.0
23347,01494004053113,-0.0
23348,01504004053114,0.0
23381,01344000053251,0.0
23382,01354000053252,0.0
23383,01364000053253,0.0
23384,01374000053254,0.0
23385,01384000053255,0.0
23354,01614004053125,-0.0
23355,01674004053131,-0.0
23356,01694005053133,0.0
23357,01704004053134,-0.0
23358,01834001053147,-0.0
23359,01844001053148,-0.0
23360,02104000053174,-0.0
23361,02114000053175,-0.0
23362,02144000053178,0.0
23363,02184005053182,0.0
23364,02434000053207,0.0
23397,03044000053288,-0.0
23398,03054000053289,-0.0
23399,03514000053335,0.0
23400,03524000053336,0.0
23401,03534000053337,0.0
23370,02504000053214,-0.0
23371,01244000053241,0.0
23372,01254000053242,0.0
23373,01264000053243,0.0
23374,01274000053244,0.0
23375,01284000053245,0.0
23376,01294000053246,0.0
23377,01304000053247,0.0
23378,01314000053248,0.0
23379,01324000053249,0.0
23380,01334000053250,0.0
23413,03734000053357,-0.0
23414,03844005053368,0.0
23415,03854004053369,0.0
23416,03864005053370,0.0
23417,03874000053371,-0.0
23386,01394000053256,0.0
23387,01414000053258,0.0
23388,01424000053259,0.0
23389,01434000053260,0.0
23390,02774004053261,-0.0
23391,02904001053273,-0.0
23392,02914000053274,-0.0
23393,02924005053275,-0.0
23394,02934005053276,0.0
23395,02894005053277,0.0
23396,02964000053280,0.0
23429,04124000053395,0.0
23430,04134004053396,0.0
23431,04054004053397,0.0
23432,04164005053400,0.0
23433,04174004053401,0.0
23402,03544000053338,-0.0
23403,03554000053339,-0.0
23404,03574000053341,-0.0
23405,03584000053342,-0.0
23406,03594000053343,-0.0
23407,03604000053344,0.0
23408,03614000053345,0.0
23409,03624000053346,0.0
23410,03634000053347,-0.0
23411,03674000053351,-0.0
23412,03694000053353,-0.0
23445,04524005053436,0.0
23446,04534004053437,0.0
23447,04544005053438,0.0
23448,04554005053439,0.0
23449,04574005053441,0.0
23418,03904005053374,0.0
23419,03914004053375,-0.0
23420,03934000053377,0.0
23421,03944005053378,-0.0
23422,03954004053379,0.0
23423,03974005053381,0.0
23424,03984005053382,0.0
23425,03994005053383,0.0
23426,04004005053384,0.0
23427,04014004053385,0.0
23428,04114001053394,-0.0
23461,04714004053460,0.0
23462,04724005053461,0.0
23463,04734005053462,0.0
23464,04834000053467,-0.0
23465,04844000053468,0.0
23434,04334000053417,0.0
23435,04344000053418,0.0
23436,04354001053419,0.0
23437,04374000053421,-0.0
23438,04384000053422,0.0
23439,04394004053423,0.0
23440,04424000053426,-0.0
23441,04434005053427,0.0
23442,04464000053430,-0.0
23443,04474004053431,-0.0
23444,04514000053435,0.0
23477,05094005053493,0.0
23478,05144005053498,0.0
23479,05154004053499,0.0
23480,05214005053505,0.0
23481,05224004053506,0.0
23450,04584004053442,0.0
23451,04604005053444,0.0
23452,04624005053446,0.0
23453,04634005053447,0.0
23454,04764005053450,0.0
23455,04774004053451,0.0
23456,04644005053453,0.0
23457,04654004053454,0.0
23458,04674005053456,0.0
23459,04694004053458,0.0
23460,04704005053459,0.0
23493,05554005053539,-0.0
23494,05594005053543,0.0
23495,05604004053544,-0.0
23496,05624001053546,-0.0
23497,05634001053547,-0.0
23466,04854000053469,-0.0
23467,04864000053470,-0.0
23468,04874000053471,-0.0
23469,04964004053480,0.0
23470,04994005053483,0.0
23471,05004005053484,-0.0
23472,05024005053486,0.0
23473,05044000053488,-0.0
23474,05064005053490,0.0
23475,05074004053491,-0.0
23476,05084000053492,-0.0
23509,06214000053605,-0.0
23510,06284000053612,-0.0
23511,06294000053613,-0.0
23512,06314000053615,-0.0
23513,06414000053625,0.0
23482,05274005053512,0.0
23483,05284004053513,0.0
23484,05324005053516,0.0
23485,05434000053527,-0.0
23486,05444000053528,-0.0
23487,05474000053531,0.0
23488,05504000053534,0.0
23489,05514000053535,0.0
23490,05524000053536,0.0
23491,05534005053537,0.0
23492,05544004053538,0.0
23525,06874000053671,-0.0
23526,06904005053674,0.0
23527,06914004053675,0.0
23528,06954000053679,-0.0
23529,06974000053681,0.0
23498,05644001053548,-0.0
23499,05654000053549,0.0
23500,05664000053550,-0.0
23501,05744000053558,0.0
23502,05794000053563,0.0
23503,05814005053565,0.0
23504,05824004053566,0.0
23505,05834000053568,0.0
23506,05844000053569,0.0
23507,06174000053601,-0.0
23508,06194000053603,-0.0
23541,07104000053694,0.0
23542,07114000053695,0.0
23543,07124004053696,0.0
23544,07134004053697,0.0
23545,07144000053698,0.0
23514,06424004053626,0.0
23515,06464004053630,-0.0
23516,06534004053637,0.0
23517,06544001053638,0.0
23518,06554001053639,0.0
23519,06564001053640,0.0
23520,06574000053641,-0.0
23521,06584000053642,0.0
23522,06684004053652,0.0
23523,06774000053661,-0.0
23524,06864000053670,0.0
23557,07314004053715,0.0
23558,07324004053716,0.0
23559,07354004053719,0.0
23560,07364000053720,-0.0
23561,07384003053722,0.0
23530,06984000053682,0.0
23531,06994004053683,0.0
23532,07004004053684,0.0
23533,07024000053686,0.0
23534,07034000053687,-0.0
23535,07044000053688,0.0
23536,07054000053689,-0.0
23537,07064000053690,0.0
23538,07074000053691,0.0
23539,07084000053692,0.0
23540,07094000053693,0.0
23573,07554001053739,-0.0
23574,07564001053740,-0.0
23575,07574001053741,-0.0
23576,07584001053742,-0.0
23577,07594001053743,-0.0
23546,07164000053700,-0.0
23547,07174000053701,0.0
23548,07194000053703,-0.0
23549,07214000053705,0.0
23550,07224000053706,0.0
23551,07244000053708,0.0
23552,07254000053709,-0.0
23553,07264000053710,0.0
23554,07274004053711,0.0
23555,07284004053712,0.0
23556,07294004053713,0.0
23589,07964003053771,-0.0
23590,07974003053772,0.0
23591,07984003053773,0.0
23592,08014003053776,-0.0
23593,08054003053780,-0.0
23562,07394003053723,0.0
23563,07414001053725,0.0
23564,07424001053726,0.0
23565,07434000053727,-0.0
23566,07444000053728,0.0
23567,07454000053729,0.0
23568,07464000053730,0.0
23569,07474000053731,0.0
23570,07514000053735,0.0
23571,07524000053736,0.0
23572,07534000053737,0.0
23605,07774004053822,-0.0
23606,08404004053824,0.0
23607,08414004053825,0.0
23608,08534003053837,0.0
23609,08564003053840,-0.0
23578,07614001053745,-0.0
23579,07624001053746,-0.0
23580,07634001053747,-0.0
23581,07674005053751,-0.0
23582,07804005053755,0.0
23583,07824003053757,0.0
23584,07834003053758,0.0
23585,07864003053761,-0.0
23586,07884003053763,-0.0
23587,07914003053766,0.0
23588,07954003053770,0.0
23620,08854004053869,-0.0
23621,08864004053870,0.0
23622,08874004053871,-0.0
23623,08884004053872,0.0
23624,08894004053873,0.0
23625,08904001053874,0.0
23594,08094003053784,0.0
23595,08104003053785,0.0
23596,08114003053786,0.0
23597,08124003053787,0.0
23598,08134003053788,0.0
23599,08154005053790,0.0
23600,08244005053793,-0.0
23602,08224005053800,0.0
23603,08274005053802,0.0
23604,08284005053803,-0.0
23636,09404000053908,-0.0
23637,09414000053909,-0.0
23638,09424000053910,-0.0
23639,09434000053911,-0.0
23640,09444000053912,-0.0
23641,09454000053913,-0.0
23610,08584003053842,0.0
23611,08704005053854,-0.0
23612,08714004053855,0.0
23613,08734005053857,0.0
23614,08744004053858,0.0
23615,08794000053863,-0.0
23616,08804000053864,-0.0
23617,08814004053865,-0.0
23618,08834004053867,0.0
23619,08844004053868,-0.0
23652,09174004053937,-0.0
23653,09234005053943,0.0
23654,09694000053944,0.0
23655,09704000053945,0.0
23656,09724000053947,0.0
23657,09744000053949,-0.0
23626,08924001053876,-0.0
23627,08934001053877,-0.0
23628,08954000053879,-0.0
23629,08964001053880,0.0
23630,08984001053882,-0.0
23631,09024000053886,0.0
23632,09034000053887,0.0
23633,09044000053888,-0.0
23634,09384000053906,-0.0
23635,09394000053907,-0.0
23668,09904001053965,0.0
23669,09914000053966,0.0
23670,09924001053967,0.0
23671,09944001053969,0.0
23672,09954000053970,-0.0
23673,09994000053974,0.0
23642,09464000053914,-0.0
23643,09474000053915,-0.0
23644,09484000053916,-0.0
23645,09494000053917,0.0
23646,09504000053918,0.0
23647,09514000053919,-0.0
23648,09524000053920,0.0
23649,09564000053924,0.0
23650,09644000053932,-0.0
23651,09654005053933,0.0
23684,10164001053991,0.0
23685,10174000053992,-0.0
23686,10184001053993,0.0
23687,10254000054000,0.0
23688,10274001054002,0.0
23689,10284000054003,0.0
23658,09754000053952,-0.0
23659,09764001053953,0.0
23660,09774000053954,-0.0
23661,09784001053955,0.0
23662,09804001053957,0.0
23663,09854000053960,-0.0
23664,09864000053961,-0.0
23665,09874000053962,-0.0
23666,09884000053963,-0.0
23667,09894000053964,0.0
23700,09264005054027,0.0
23701,09244005054029,-0.0
23702,09254005054030,0.0
23703,09284005054031,-0.0
23704,09294005054032,-0.0
23705,09304005054033,0.0
23674,10004000053975,0.0
23675,10014000053976,0.0
23676,10024000053977,0.0
23677,10034000053978,0.0
23678,10064000053981,-0.0
23679,10084000053983,-0.0
23680,10104000053985,-0.0
23681,10114000053986,0.0
23682,10124000053987,-0.0
23683,10144001053989,0.0
23716,10804000054064,0.0
23717,10874005054071,-0.0
23718,11024001054086,0.0
23719,11034001054087,-0.0
23720,11044001054088,-0.0
23721,11054001054089,-0.0
23690,10294001054004,0.0
23691,10304000054005,-0.0
23692,10314001054006,0.0
23693,10324000054007,-0.0
23694,10354001054010,0.0
23695,10364000054011,0.0
23696,10374001054012,0.0
23697,10384000054013,-0.0
23698,10394001054014,0.0
23699,10414005054016,0.0
23732,11744000054158,0.0
23733,11784000054162,-0.0
23734,11824001054166,0.0
23735,11844000054168,0.0
23736,12114000054195,0.0
23737,12274000054211,0.0
23706,09314005054034,0.0
23707,10604000054041,-0.0
23708,10614000054042,-0.0
23709,10624000054043,-0.0
23710,10634000054044,-0.0
23711,10574000054048,-0.0
23712,10584000054049,-0.0
23713,10594000054050,-0.0
23714,10684000054052,-0.0
23715,10774000054061,-0.0
23748,12604000054244,0.0
23749,12694000054253,-0.0
23750,12714000054255,0.0
23751,12754000054259,0.0
23752,12764000054260,0.0
23753,12924005054276,0.0
23722,11244000054108,0.0
23723,11294000054114,-0.0
23724,11514001054135,0.0
23725,11534000054137,0.0
23726,11544000054138,-0.0
23727,11564000054140,-0.0
23728,11574000054141,-0.0
23729,11594000054143,0.0
23730,11604004054144,-0.0
23731,11614004054145,-0.0
23764,13434000054327,-0.0
23765,13704000054354,-0.0
23766,13714000054355,0.0
23767,13824000054366,0.0
23768,13864000054370,0.0
23769,13884000054372,0.0
23738,12284000054212,0.0
23739,12334005054217,0.0
23740,12344004054218,0.0
23741,12354002054219,-0.0
23742,12434000054227,0.0
23743,12454000054229,0.0
23744,12474000054231,0.0
23745,12494000054233,0.0
23746,12504000054234,0.0
23747,12584000054242,0.0
23780,14204003054404,0.0
23781,14314000054415,0.0
23782,14324001054416,-0.0
23783,00020700054417,0.0
23784,00030700054418,-0.0
23785,00040700054419,0.0
23754,12934004054277,0.0
23755,13044004054288,-0.0
23756,13274000054311,0.0
23757,13284000054312,0.0
23758,13294000054313,0.0
23759,13304000054315,-0.0
23760,13324004054316,0.0
23761,13354004054319,-0.0
23762,13364000054320,0.0
23763,13384000054322,0.0
23796,00380700054453,-0.0
23797,00390704054454,0.0
23798,00440700054459,-0.0
23799,00450704054460,0.0
23800,00480700054463,-0.0
23801,00490705054464,0.0
23770,13904000054374,-0.0
23771,13984001054382,0.0
23772,14004000054384,0.0
23773,14024005054386,0.0
23774,14054000054389,-0.0
23775,14074000054391,0.0
23776,14094000054393,0.0
23777,14114000054395,-0.0
23778,14164000054400,-0.0
23779,14174000054401,-0.0
23812,00660705054481,0.0
23813,00670704054482,0.0
23814,00720700054487,-0.0
23815,00740700054489,0.0
23816,00750700054490,0.0
23817,00760704054491,0.0
23786,00050700054420,0.0
23787,00060700054421,0.0
23788,00070700054422,0.0
23789,00250705054440,0.0
23790,00270705054442,0.0
23791,00320700054447,0.0
23792,00330704054448,0.0
23793,00340700054449,0.0
23794,00350705054450,0.0
23795,00370705054452,0.0
23828,01190700054535,0.0
23829,01200705054536,0.0
23830,01220705054538,0.0
23831,01440704054540,0.0
23832,01450700054541,0.0
23833,01460704054542,0.0
23802,00500701054465,-0.0
23803,00540701054469,-0.0
23804,00550701054470,-0.0
23805,00560700054471,-0.0
23806,00570700054472,-0.0
23807,00580700054473,-0.0
23808,00600700054475,0.0
23809,00610704054476,0.0
23810,00640700054479,-0.0
23811,00650700054480,0.0
23844,01670704054563,0.0
23845,01680704054564,0.0
23846,01830701054579,0.0
23847,01840701054580,-0.0
23848,02110700054607,0.0
23849,02320700054628,0.0
23818,00790700054494,0.0
23819,00800700054495,0.0
23820,00810704054496,-0.0
23821,00820700054497,0.0
23822,00830704054498,-0.0
23823,00840704054499,0.0
23824,00850700054501,-0.0
23825,00860705054502,-0.0
23826,01010700054517,-0.0
23827,01120701054528,-0.0
23860,01240700054673,0.0
23861,01250700054674,-0.0
23862,01270700054676,-0.0
23863,01290700054678,-0.0
23864,01300700054679,-0.0
23865,01310700054680,0.0
23834,01470704054543,0.0
23835,01490704054545,0.0
23836,01500704054546,0.0
23837,01510704054547,0.0
23838,01520704054548,0.0
23839,01530704054549,0.0
23840,01540704054550,0.0
23841,01570700054553,0.0
23842,01600700054556,0.0
23843,01610704054557,0.0
23876,02770704054693,0.0
23877,02840700054700,-0.0
23878,02850700054701,0.0
23879,02860700054702,0.0
23880,02900701054705,-0.0
23881,02920705054707,0.0
23850,02370705054633,0.0
23851,02420700054638,-0.0
23852,02430700054639,-0.0
23853,02440700054640,-0.0
23854,02450700054641,-0.0
23855,02460700054642,0.0
23856,02470700054643,0.0
23857,02480700054644,0.0
23858,02490700054645,-0.0
23859,02500700054646,-0.0
23892,03520700054768,0.0
23893,03530700054769,0.0
23894,03540700054770,-0.0
23895,03550700054771,-0.0
23896,03560700054772,-0.0
23897,03570700054773,0.0
23866,01330700054682,-0.0
23867,01340700054683,0.0
23868,01350700054684,0.0
23869,01360700054685,0.0
23870,01370700054686,0.0
23871,01380700054687,0.0
23872,01390700054688,-0.0
23873,01400700054689,0.0
23874,01410700054690,-0.0
23875,01430700054692,0.0
23908,03730700054789,-0.0
23909,03760700054792,-0.0
23910,03840705054800,0.0
23911,03850704054801,0.0
23912,03860705054802,0.0
23913,03870700054803,0.0
23882,02930705054708,0.0
23883,03040700054720,0.0
23884,03050700054721,0.0
23885,03070700054722,-0.0
23886,03060700054723,-0.0
23887,03080700054724,-0.0
23888,03100700054726,-0.0
23889,03120700054728,0.0
23890,03130700054729,-0.0
23891,03510700054767,0.0
23924,04110701054826,-0.0
23925,04050704054829,0.0
23926,04140700054830,-0.0
23927,04160705054832,0.0
23928,04170704054833,0.0
23929,04390704054855,0.0
23898,03580700054774,0.0
23899,03590700054775,0.0
23900,03600700054776,0.0
23901,03610700054777,0.0
23902,03620700054778,0.0
23903,03630700054779,-0.0
23904,03650700054781,-0.0
23905,03670700054783,-0.0
23906,03690700054785,-0.0
23907,03710700054787,-0.0
23940,04620705054878,0.0
23941,04630705054879,0.0
23942,04740700054880,0.0
23943,04760705054882,0.0
23944,04770704054883,0.0
23945,04640705054885,0.0
23914,03900705054806,0.0
23915,03910704054807,0.0
23916,03930700054809,-0.0
23917,03960700054812,-0.0
23918,03970705054813,0.0
23919,03990705054815,0.0
23920,04010704054817,0.0
23921,04020700054818,0.0
23922,04030700054819,0.0
23923,04040700054820,0.0
23956,04860700054902,-0.0
23957,04870700054903,-0.0
23958,04880700054904,-0.0
23959,04960704054912,-0.0
23960,04990705054915,0.0
23961,05000705054916,0.0
23930,04460700054862,-0.0
23931,04470704054863,-0.0
23932,04480700054864,-0.0
23933,04520705054868,0.0
23934,04530704054869,0.0
23935,04540705054870,0.0
23936,04550705054871,0.0
23937,04570705054873,0.0
23938,04580704054874,0.0
23939,04600705054876,0.0
23972,05160705054932,0.0
23973,05210705054937,0.0
23974,05220704054938,0.0
23975,05310700054942,-0.0
23976,05270705054944,0.0
23977,05280704054945,0.0
23946,04650704054886,0.0
23947,04670705054888,0.0
23948,04690704054890,0.0
23949,04700705054891,0.0
23950,04710704054892,0.0
23951,04720705054893,0.0
23952,04730705054894,0.0
23953,04830700054899,-0.0
23954,04840700054900,0.0
23955,04850700054901,-0.0
23988,05620701054978,-0.0
23989,05630701054979,-0.0
23990,05640701054980,-0.0
23991,05650700054981,-0.0
23992,05660700054982,-0.0
23993,05740700054990,0.0
23962,05010700054917,0.0
23963,05020705054918,0.0
23964,05030704054919,0.0
23965,05060705054922,0.0
23966,05070704054923,0.0
23967,05080700054924,-0.0
23968,05090705054925,0.0
23969,05130700054929,0.0
23970,05140705054930,0.0
23971,05150704054931,0.0
24004,06250700055041,-0.0
24005,06260700055042,-0.0
24006,06280700055044,-0.0
24007,06290700055045,-0.0
24008,06310700055047,-0.0
24009,06410700055057,-0.0
23978,05300705054947,0.0
23979,05320705054948,0.0
23980,05470700054963,-0.0
23981,05500700054966,0.0
23982,05520700054968,0.0
23983,05530705054969,0.0
23984,05540704054970,0.0
23985,05550705054971,0.0
23986,05590705054975,0.0
23987,05600704054976,0.0
24020,06900705055106,0.0
24021,06910704055107,0.0
24022,06950700055111,-0.0
24023,06990704055115,0.0
24024,07000704055116,0.0
24025,07010700055117,0.0
23994,05790700054995,0.0
23995,05810705054997,0.0
23996,05820704054998,0.0
23997,05830700055000,-0.0
23998,05840700055001,-0.0
23999,06070700055023,0.0
24000,06170700055033,-0.0
24001,06190700055035,-0.0
24002,06210700055037,-0.0
24003,06230700055039,-0.0
24036,07130704055129,0.0
24037,07140700055130,0.0
24038,07150700055131,-0.0
24039,07160700055132,-0.0
24040,07170700055133,0.0
24041,07180700055134,0.0
24010,06420704055058,0.0
24011,06460704055062,0.0
24012,06530704055069,0.0
24013,06540701055070,0.0
24014,06550701055071,0.0
24015,06560701055072,0.0
24016,06570700055073,-0.0
24017,06580700055074,0.0
24018,06680704055084,0.0
24019,06880700055104,-0.0
24052,07340704055150,0.0
24053,07350704055151,0.0
24054,07360700055152,-0.0
24055,07370700055153,-0.0
24056,07380703055154,0.0
24057,07390703055155,0.0
24026,07020700055118,0.0
24027,07040700055120,0.0
24028,07050700055121,0.0
24029,07060700055122,0.0
24030,07070700055123,-0.0
24031,07080700055124,-0.0
24032,07090700055125,-0.0
24033,07100700055126,0.0
24034,07110700055127,-0.0
24035,07120704055128,0.0
24068,07550701055171,-0.0
24069,07570701055173,-0.0
24070,07580701055174,-0.0
24071,07590701055175,-0.0
24072,07600701055176,-0.0
24073,07610701055177,-0.0
24042,07190700055135,0.0
24043,07200700055136,-0.0
24044,07210700055137,-0.0
24045,07230700055139,0.0
24046,07260700055142,0.0
24047,07270704055143,0.0
24048,07280704055144,0.0
24049,07290704055145,0.0
24050,07300704055146,0.0
24051,07310704055147,0.0
24084,07950703055202,0.0
25643,14082200058645,-0.0
24086,07970703055204,0.0
24087,08080703055215,-0.0
24088,08090703055216,0.0
24089,08100703055217,0.0
24058,07410701055157,0.0
24059,07420701055158,0.0
24060,07430700055159,0.0
24061,07440700055160,0.0
24062,07450700055161,-0.0
24063,07460700055162,0.0
24064,07470700055163,-0.0
24065,07510700055167,-0.0
24066,07520700055168,0.0
24067,07530700055169,-0.0
24100,07750700055252,0.0
24101,07770704055254,-0.0
24102,08400704055256,-0.0
24103,08410704055257,-0.0
24104,08450703055261,0.0
24105,08560703055272,0.0
24074,07620701055178,-0.0
24075,07630701055179,-0.0
24076,07660700055182,-0.0
24077,07670705055183,0.0
24078,07680700055184,-0.0
24079,07800705055187,0.0
24080,07840703055191,0.0
24081,07880703055195,-0.0
24082,07900703055197,0.0
24083,07910703055198,0.0
24116,08880704055304,0.0
24117,08890704055305,0.0
24118,08900701055306,0.0
24119,08910701055307,0.0
24120,08920701055308,0.0
24121,08930701055309,0.0
24090,08110703055218,-0.0
24091,08130703055220,-0.0
24092,08240705055225,0.0
24093,08190705055227,0.0
24094,08200705055228,-0.0
24095,08250705055230,0.0
24096,08260705055231,0.0
24097,08220705055232,0.0
24098,08380701055245,0.0
24099,07730700055251,-0.0
24132,09400700055340,-0.0
24133,09410700055341,0.0
24134,09420700055342,0.0
24135,09430700055343,0.0
24136,09440700055344,0.0
24137,09450700055345,-0.0
24106,08580703055274,-0.0
24107,08790700055295,0.0
24108,08800700055296,0.0
24109,08810704055297,0.0
24110,08820704055298,0.0
24111,08830704055299,0.0
24112,08840704055300,0.0
24113,08850704055301,0.0
24114,08860704055302,0.0
24115,08870704055303,0.0
24148,09560700055356,0.0
24149,09640700055364,-0.0
24150,09650705055365,-0.0
24151,09700700055377,0.0
24152,09720700055379,0.0
24153,09730700055380,-0.0
24122,08940701055310,0.0
24123,08950700055311,0.0
24124,08960701055312,0.0
24125,08980701055314,0.0
24126,09020700055318,-0.0
24127,09110700055327,-0.0
24128,09120700055328,0.0
24129,09130700055329,-0.0
24130,09380700055338,-0.0
24131,09390700055339,-0.0
24164,09870700055394,0.0
24165,09880700055395,0.0
24166,09890700055396,0.0
24167,09900701055397,0.0
24168,09910700055398,0.0
24169,09920701055399,0.0
24138,09460700055346,0.0
24139,09470700055347,0.0
24140,09480700055348,-0.0
24141,09490700055349,0.0
24142,09500700055350,0.0
24143,09510700055351,-0.0
24144,09520700055352,0.0
24145,09530700055353,0.0
24146,09540700055354,0.0
24147,09550700055355,-0.0
24180,10080700055415,0.0
24181,10110700055418,-0.0
24182,10120700055419,-0.0
24183,10130700055420,-0.0
24184,10140701055421,0.0
24185,10150700055422,-0.0
24154,09740700055381,-0.0
24155,09810700055382,-0.0
24156,09820700055383,-0.0
24157,09760701055385,0.0
24158,09780701055387,0.0
24159,09790700055388,-0.0
24160,09800701055389,0.0
24161,09830700055390,0.0
24162,09850700055392,0.0
24163,09860700055393,0.0
24196,10260700055433,-0.0
24197,10270701055434,0.0
24198,10290701055436,0.0
24199,10300700055437,-0.0
24200,10310701055438,0.0
24201,10320700055439,0.0
24170,09930700055400,0.0
24171,09940701055401,0.0
24172,09970700055404,0.0
24173,10010700055408,0.0
24174,10020700055409,0.0
24175,10030700055410,0.0
24176,10040700055411,0.0
24177,10050700055412,0.0
24178,10060700055413,0.0
24179,10070700055414,0.0
24212,10570700055480,-0.0
24213,10580700055481,-0.0
24214,10590700055482,-0.0
24215,10680700055484,-0.0
24216,10770700055493,-0.0
24217,10800700055496,-0.0
24186,10160701055423,0.0
24187,10170700055424,-0.0
24188,10180701055425,0.0
24189,10190700055426,-0.0
24190,10200700055427,-0.0
24191,10210700055428,-0.0
24192,10220700055429,-0.0
24193,10230700055430,-0.0
24194,10240700055431,-0.0
24195,10250700055432,-0.0
24228,11510701055567,-0.0
24229,11530700055569,0.0
24230,11540700055570,-0.0
24231,11560700055572,-0.0
24232,11570700055573,-0.0
24233,11590700055575,-0.0
24202,10350701055442,0.0
24203,10360700055443,-0.0
24204,10370701055444,0.0
24205,10380700055445,0.0
24206,10390701055446,0.0
24207,09310705055466,0.0
24208,10600700055473,-0.0
24209,10610700055474,-0.0
24210,10620700055475,-0.0
24211,10630700055476,-0.0
24244,11930701055609,0.0
24245,11940700055610,0.0
24246,11960700055612,0.0
24247,11990700055615,0.0
24248,12010701055617,0.0
24249,12020700055618,0.0
24218,10870705055503,0.0
24219,10920702055508,0.0
24220,10940702055510,0.0
24221,11020701055518,-0.0
24222,11030701055519,-0.0
24223,11040701055520,-0.0
24224,11240700055540,0.0
24225,11290700055546,0.0
24226,11460700055562,-0.0
24227,11500701055566,0.0
24260,12430700055659,0.0
24261,12450700055661,0.0
24262,12470700055663,0.0
24263,12490700055665,-0.0
24264,12580700055674,0.0
24265,12600700055676,0.0
24234,11600704055576,-0.0
24235,11740700055590,0.0
24236,11750700055591,-0.0
24237,11760700055592,0.0
24238,11770700055593,-0.0
24239,11780700055594,-0.0
24240,11820701055598,0.0
24241,11830700055599,-0.0
24242,11900700055606,0.0
24243,11920701055608,0.0
24276,13320704055748,0.0
24277,13330700055749,0.0
24278,13340704055750,0.0
24279,13350704055751,0.0
24280,13360700055752,0.0
24281,13370700055753,-0.0
24250,12040700055620,0.0
24251,12110700055627,0.0
24252,12150702055631,0.0
24253,12170702055633,0.0
24254,12260700055642,-0.0
24255,12270700055643,-0.0
24256,12280700055644,-0.0
24257,12310700055647,-0.0
24258,12330705055649,0.0
24259,12340704055650,0.0
24292,13980701055814,0.0
24293,13990700055815,0.0
24294,14000700055816,0.0
24295,14020705055818,0.0
24296,14060700055822,-0.0
24297,14070700055823,0.0
24266,12690700055685,-0.0
24267,12700700055686,0.0
24268,12710700055687,-0.0
24269,12750700055691,0.0
24270,12760700055692,0.0
24271,13040704055720,0.0
24272,13270700055743,0.0
24273,13280700055744,0.0
24274,13290700055745,0.0
24275,13300700055747,0.0
24308,14200703055836,0.0
24309,14310700055847,0.0
24310,14320701055848,-0.0
24311,00023200055849,-0.0
24312,00033200055850,-0.0
24313,00043200055851,-0.0
24282,13390705055755,0.0
24283,13410705055757,0.0
24284,13430700055759,0.0
24285,13700700055786,0.0
24286,13820700055798,0.0
24287,13840700055800,0.0
24288,13860700055802,0.0
24289,13880700055804,0.0
24290,13900700055806,0.0
24291,13920700055808,0.0
24324,00803200055927,0.0
24325,00813204055928,0.0
24326,01123201055960,-0.0
24327,01443204055972,0.0
24328,01563200055984,0.0
24329,01603200055988,0.0
24298,14080700055824,-0.0
24299,14090700055825,-0.0
24300,14100700055826,-0.0
24301,14110700055827,-0.0
24302,14120700055828,-0.0
24303,14130700055829,-0.0
24304,14140700055830,-0.0
24305,14150700055831,0.0
24306,14160700055832,0.0
24307,14170700055833,0.0
24340,03553200056203,-0.0
24341,03563200056204,-0.0
24342,03573200056205,-0.0
24343,03603200056208,0.0
24344,03613200056209,0.0
24345,03623200056210,0.0
24314,00073200055854,-0.0
24315,00333204055880,0.0
24316,00363200055883,0.0
24317,00423204055889,0.0
24318,00503201055897,-0.0
24319,00553201055902,0.0
24320,00563200055903,-0.0
24321,00573200055904,0.0
24322,00583200055905,-0.0
24323,00793200055926,0.0
24356,06173200056465,-0.0
24357,06193200056467,-0.0
24358,06213200056469,-0.0
24359,06233200056471,0.0
24360,06253200056473,0.0
24361,06263200056474,-0.0
24330,01833201056011,0.0
24331,01843201056012,0.0
24332,02423200056070,-0.0
24333,02433200056071,-0.0
24334,02443200056072,-0.0
24335,02903201056137,-0.0
24336,03513200056199,-0.0
24337,03523200056200,-0.0
24338,03533200056201,-0.0
24339,03543200056202,-0.0
24372,06953200056543,-0.0
24373,07443200056592,0.0
24374,07453200056593,-0.0
24375,07463200056594,-0.0
24376,07473200056595,-0.0
24377,07513200056599,-0.0
24346,03633200056211,-0.0
24347,03653200056213,-0.0
24348,03673200056215,-0.0
24349,03693200056217,-0.0
24350,03713200056219,-0.0
24351,03733200056221,-0.0
24352,04113201056258,-0.0
24353,05623201056410,-0.0
24354,05643201056412,-0.0
24355,05653200056413,-0.0
24388,07633201056611,-0.0
24389,08903201056738,0.0
24390,08913201056739,0.0
24391,08923201056740,0.0
24392,08933201056741,-0.0
24393,08943201056742,-0.0
24362,06283200056476,-0.0
24363,06293200056477,-0.0
24364,06313200056479,-0.0
24365,06413200056489,-0.0
24366,06423204056490,0.0
24367,06543201056502,0.0
24368,06553201056503,0.0
24369,06563201056504,0.0
24370,06573200056505,-0.0
24371,06583200056506,0.0
24404,09793200056820,-0.0
24405,09803201056821,0.0
24406,09853200056824,0.0
24407,09863200056825,0.0
24408,09893200056828,0.0
24409,09903201056829,0.0
24378,07523200056600,-0.0
24379,07533200056601,-0.0
24380,07553201056603,-0.0
24381,07563201056604,-0.0
24382,07573201056605,-0.0
24383,07583201056606,-0.0
24384,07593201056607,-0.0
24385,07603201056608,-0.0
24386,07613201056609,-0.0
24387,07623201056610,-0.0
24420,10033200056842,0.0
24421,10043200056843,0.0
24422,10053200056844,0.0
24423,10063200056845,0.0
24424,10073200056846,0.0
24425,10083200056847,0.0
24394,08953200056743,-0.0
24395,08963201056744,-0.0
24396,08983201056746,-0.0
24397,09653205056797,-0.0
24398,09813200056814,-0.0
24399,09823200056815,-0.0
24400,09753200056816,-0.0
24401,09763201056817,0.0
24402,09773200056818,-0.0
24403,09783201056819,0.0
24436,10213200056860,0.0
24437,10223200056861,0.0
24438,10233200056862,0.0
24439,10243200056863,0.0
24440,10253200056864,0.0
24441,10263200056865,0.0
24410,09913200056830,0.0
24411,09923201056831,0.0
24412,09933200056832,0.0
24413,09943201056833,0.0
24414,09953200056834,-0.0
24415,09963200056835,-0.0
24416,09973200056836,-0.0
24417,09983200056837,-0.0
24418,10013200056840,0.0
24419,10023200056841,0.0
24452,10633200056908,-0.0
24453,10573200056912,-0.0
24454,10583200056913,-0.0
24455,10683200056916,-0.0
24456,10773200056925,-0.0
24457,11023201056950,-0.0
24426,10093200056848,0.0
24427,10103200056849,0.0
24428,10123200056851,0.0
24429,10133200056852,0.0
24430,10143201056853,0.0
24431,10153200056854,0.0
24432,10163201056855,0.0
24433,10173200056856,0.0
24434,10183201056857,0.0
24435,10203200056859,0.0
24468,12353202057083,0.0
24469,12433200057091,0.0
24470,12453200057093,0.0
24471,12473200057095,0.0
24472,12583200057106,-0.0
24473,12603200057108,0.0
24442,10293201056868,0.0
24443,10303200056869,0.0
24444,10353201056874,0.0
24445,10363200056875,-0.0
24446,10373201056876,0.0
24447,10383200056877,0.0
24448,10393201056878,0.0
24449,10603200056905,-0.0
24450,10613200056906,-0.0
24451,10623200056907,-0.0
24484,13903200057238,0.0
24485,13923200057240,0.0
24486,13983201057246,0.0
24487,13993200057247,0.0
24488,14123200057260,-0.0
24489,14133200057261,-0.0
24458,11033201056951,-0.0
24459,11043201056952,-0.0
24460,11053201056953,-0.0
24461,11463200056994,0.0
24462,11823201057030,0.0
24463,11833200057031,-0.0
24464,12113200057059,0.0
24465,12263200057074,-0.0
24466,12273200057075,-0.0
24467,12283200057076,-0.0
24500,02490100057285,-0.0
24501,02500100057286,-0.0
24502,04840100057288,0.0
24503,09690100057293,-0.0
24504,09700100057294,0.0
24505,09720100057296,-0.0
24474,12693200057117,-0.0
24475,12703200057118,-0.0
24476,12713200057119,-0.0
24477,12753200057123,-0.0
24478,12763200057124,-0.0
24479,13323204057180,0.0
24480,13823200057230,0.0
24481,13843200057232,0.0
24482,13863200057234,0.0
24483,13883200057236,0.0
24516,11760100057308,0.0
24517,11770100057309,0.0
24518,11780100057310,-0.0
24519,14060100057311,0.0
24520,14070100057312,0.0
24521,14080100057313,0.0
24490,14143200057262,-0.0
24491,14153200057263,0.0
24492,14163200057264,0.0
24493,14173200057265,0.0
24494,14203203057268,-0.0
24495,14313200057279,0.0
24496,14323201057280,0.0
24497,02460100057282,0.0
24498,02470100057283,-0.0
24499,02480100057284,0.0
24532,04880200057328,0.0
24533,09690200057329,-0.0
24534,09700200057330,0.0
24535,09710200057331,0.0
24536,09730200057333,-0.0
24537,09740200057334,-0.0
24506,09730100057297,-0.0
24507,09740100057298,-0.0
24508,11520100057299,0.0
24509,11530100057300,0.0
24510,11540100057301,0.0
24511,11550100057302,0.0
24512,11560100057303,0.0
24513,11570100057304,-0.0
24514,11740100057306,0.0
24515,11750100057307,0.0
24548,11780200057346,0.0
24549,14060200057347,-0.0
24550,14070200057348,0.0
24551,14090200057350,-0.0
24552,14100200057351,-0.0
24553,14110200057352,-0.0
24522,14090100057314,0.0
24523,14110100057316,-0.0
24524,02450200057317,-0.0
24525,02460200057318,0.0
24526,02490200057321,-0.0
24527,02500200057322,-0.0
24528,04830200057323,-0.0
24529,04840200057324,0.0
24530,04860200057326,-0.0
24531,04870200057327,-0.0
24564,04870300057363,-0.0
24565,04880300057364,-0.0
24566,09690300057365,0.0
24567,09700300057366,0.0
24568,09710300057367,0.0
24569,09720300057368,0.0
24538,11520200057335,0.0
24539,11530200057336,0.0
24540,11540200057337,0.0
24541,11550200057338,0.0
24542,11560200057339,0.0
24543,11730200057341,0.0
24544,11740200057342,0.0
24545,11750200057343,-0.0
24546,11760200057344,-0.0
24547,11770200057345,-0.0
24580,11770300057381,0.0
24581,11780300057382,0.0
24582,14070300057384,0.0
24583,14080300057385,0.0
24584,14090300057386,0.0
24585,14100300057387,-0.0
24554,02450300057353,-0.0
24555,02460300057354,0.0
24556,02470300057355,-0.0
24557,02480300057356,-0.0
24558,02490300057357,-0.0
24559,02500300057358,-0.0
24560,04830300057359,-0.0
24561,04840300057360,0.0
24562,04850300057361,0.0
24563,04860300057362,0.0
24596,04880400057400,-0.0
24597,09700400057402,0.0
24598,09710400057403,-0.0
24599,09730400057405,-0.0
24600,09740400057406,-0.0
24601,11520400057407,0.0
24570,09730300057369,-0.0
24571,09740300057370,-0.0
24572,11520300057371,0.0
24573,11530300057372,0.0
24574,11540300057373,0.0
24575,11550300057374,0.0
24576,11560300057375,0.0
24577,11730300057377,0.0
24578,11740300057378,0.0
24579,11760300057380,-0.0
24612,11780400057418,-0.0
24613,14060400057419,-0.0
24614,14070400057420,0.0
24615,14080400057421,-0.0
24616,14090400057422,-0.0
24617,14100400057423,-0.0
24586,14110300057388,-0.0
24587,02450400057389,0.0
24588,02460400057390,0.0
24589,02470400057391,-0.0
24590,02480400057392,0.0
24591,02500400057394,-0.0
24592,04840400057396,0.0
24593,04850400057397,-0.0
24594,04860400057398,-0.0
24595,04870400057399,-0.0
24628,04860500057434,-0.0
24629,04870500057435,-0.0
24630,04880500057436,0.0
24631,09690500057437,-0.0
24632,09700500057438,0.0
24633,09710500057439,-0.0
24602,11530400057408,0.0
24603,11540400057409,0.0
24604,11550400057410,-0.0
24605,11560400057411,0.0
24606,11570400057412,-0.0
24607,11730400057413,0.0
24608,11740400057414,0.0
24609,11750400057415,0.0
24610,11760400057416,0.0
24611,11770400057417,0.0
24644,11780500057454,0.0
24645,14060500057455,0.0
24646,14070500057456,0.0
24647,14090500057458,0.0
24648,14100500057459,-0.0
24649,14110500057460,-0.0
24618,14110400057424,-0.0
24619,02450500057425,0.0
24620,02460500057426,0.0
24621,02470500057427,0.0
24622,02480500057428,0.0
24623,02490500057429,-0.0
24624,02500500057430,-0.0
24625,04830500057431,-0.0
24626,04840500057432,0.0
24627,04850500057433,-0.0
24660,04880600057472,0.0
24661,09690600057473,0.0
24662,09700600057474,0.0
24663,09730600057477,0.0
24664,09740600057478,-0.0
24665,11520600057479,0.0
24634,09720500057440,-0.0
24635,09730500057441,-0.0
24636,09740500057442,-0.0
24637,11530500057444,0.0
24638,11540500057445,0.0
24639,11550500057446,0.0
24640,11730500057449,0.0
24641,11740500057450,0.0
24642,11750500057451,0.0
24643,11770500057453,0.0
24676,14080600057493,-0.0
24677,14090600057494,0.0
24678,14100600057495,-0.0
24679,14110600057496,-0.0
24680,02460900057498,0.0
24681,02470900057499,0.0
24650,02450600057461,-0.0
24651,02460600057462,0.0
24652,02470600057463,0.0
24653,02480600057464,-0.0
24654,02490600057465,-0.0
24655,02500600057466,-0.0
24656,04830600057467,-0.0
24657,04840600057468,0.0
24658,04860600057470,0.0
24659,04870600057471,-0.0
24692,09710900057511,0.0
24693,09720900057512,0.0
24694,09730900057513,0.0
24695,09740900057514,-0.0
24696,11520900057515,0.0
24697,11530900057516,0.0
24666,11530600057480,0.0
24667,11540600057481,0.0
24668,11550600057482,0.0
24669,11740600057486,0.0
24670,11750600057487,0.0
24671,11760600057488,-0.0
24672,11770600057489,0.0
24673,11780600057490,0.0
24674,14060600057491,-0.0
24675,14070600057492,0.0
24708,14070900057528,0.0
24709,14080900057529,0.0
24710,14090900057530,0.0
24711,14100900057531,0.0
24712,14110900057532,-0.0
24713,02451100057533,0.0
24682,02480900057500,-0.0
24683,02490900057501,-0.0
24684,02500900057502,-0.0
24685,04840900057504,0.0
24686,04850900057505,0.0
24687,04860900057506,0.0
24688,04870900057507,0.0
24689,04880900057508,-0.0
24690,09690900057509,0.0
24691,09700900057510,0.0
24724,09691100057545,-0.0
24725,09701100057546,0.0
24726,09711100057547,-0.0
24727,09721100057548,-0.0
24728,09731100057549,-0.0
24729,09741100057550,-0.0
24698,11540900057517,0.0
24699,11550900057518,0.0
24700,11570900057520,-0.0
24701,11730900057521,0.0
24702,11740900057522,0.0
24703,11750900057523,0.0
24704,11760900057524,0.0
24705,11770900057525,0.0
24706,11780900057526,-0.0
24707,14060900057527,0.0
24740,11771100057561,0.0
24741,11781100057562,-0.0
24742,14071100057564,0.0
24743,14091100057566,-0.0
24744,14101100057567,-0.0
24745,14111100057568,-0.0
24714,02461100057534,0.0
24715,02471100057535,0.0
24716,02481100057536,0.0
24717,02491100057537,0.0
24718,02501100057538,-0.0
24719,04831100057539,0.0
24720,04841100057540,0.0
24721,04851100057541,0.0
24722,04861100057542,0.0
24723,04871100057543,0.0
24756,09721000057584,-0.0
24757,09731000057585,-0.0
24758,09741000057586,-0.0
24759,11531000057588,0.0
24760,11541000057589,-0.0
24761,11561000057591,-0.0
24730,11521100057551,0.0
24731,11531100057552,0.0
24732,11541100057553,-0.0
24733,11551100057554,0.0
24734,11561100057555,0.0
24735,11571100057556,-0.0
24736,11731100057557,0.0
24737,11741100057558,0.0
24738,11751100057559,0.0
24739,11761100057560,0.0
24772,02481200057608,0.0
24773,02501200057610,-0.0
24774,04831200057611,-0.0
24775,04841200057612,0.0
24776,04881200057616,-0.0
24777,09691200057617,-0.0
24746,02461000057570,0.0
24747,02481000057572,0.0
24748,02501000057574,-0.0
24749,04831000057575,-0.0
24750,04841000057576,0.0
24751,04871000057579,-0.0
24752,04881000057580,-0.0
24753,09691000057581,-0.0
24754,09701000057582,0.0
24755,09711000057583,-0.0
24788,11751200057631,-0.0
24789,11761200057632,-0.0
24790,11781200057634,0.0
24791,14071200057636,0.0
24792,14091200057638,0.0
24793,14111200057640,-0.0
24762,11741000057594,0.0
24763,11761000057596,-0.0
24764,11781000057598,0.0
24765,14071000057600,0.0
24766,14091000057602,0.0
24767,14101000057603,-0.0
24768,14111000057604,-0.0
24769,02451200057605,-0.0
24770,02461200057606,0.0
24771,02471200057607,-0.0
24804,09701300057654,0.0
24805,09711300057655,-0.0
24806,09721300057656,-0.0
24807,09731300057657,-0.0
24808,09741300057658,-0.0
24809,11521300057659,0.0
24778,09701200057618,0.0
24779,09711200057619,-0.0
24780,09721200057620,-0.0
24781,09731200057621,0.0
24782,09741200057622,-0.0
24783,11521200057623,0.0
24784,11531200057624,0.0
24785,11551200057626,-0.0
24786,11731200057629,0.0
24787,11741200057630,0.0
24820,14061300057671,-0.0
24821,14071300057672,0.0
24822,14081300057673,-0.0
24823,14101300057675,-0.0
24824,14111300057676,-0.0
24825,02451400057677,-0.0
24794,02451300057641,-0.0
24795,02461300057642,0.0
24796,02491300057645,-0.0
24797,02501300057646,-0.0
24798,04831300057647,-0.0
24799,04841300057648,0.0
24800,04851300057649,-0.0
24801,04861300057650,-0.0
24802,04881300057652,-0.0
24803,09691300057653,-0.0
24836,09711400057691,-0.0
24837,09721400057692,-0.0
24838,09731400057693,-0.0
24839,09741400057694,-0.0
24840,11521400057695,0.0
24841,11531400057696,0.0
24810,11531300057660,0.0
24811,11541300057661,0.0
24812,11551300057662,0.0
24813,11561300057663,0.0
24814,11731300057665,0.0
24815,11741300057666,0.0
24816,11751300057667,-0.0
24817,11761300057668,0.0
24818,11771300057669,-0.0
24819,11781300057670,0.0
24852,14071400057708,0.0
24853,14081400057709,0.0
24854,14091400057710,0.0
24855,14101400057711,-0.0
24856,14111400057712,-0.0
24857,02451500057713,-0.0
24826,02461400057678,0.0
24827,02471400057679,0.0
24828,02501400057682,-0.0
24829,04831400057683,-0.0
24830,04841400057684,0.0
24831,04851400057685,0.0
24832,04861400057686,-0.0
24833,04881400057688,-0.0
24834,09691400057689,-0.0
24835,09701400057690,0.0
24868,09711500057727,0.0
24869,09721500057728,0.0
24870,09731500057729,0.0
24871,09741500057730,-0.0
24872,11521500057731,-0.0
24873,11531500057732,0.0
24842,11541400057697,0.0
24843,11551400057698,0.0
24844,11561400057699,0.0
24845,11731400057701,0.0
24846,11741400057702,0.0
24847,11751400057703,-0.0
24848,11761400057704,-0.0
24849,11771400057705,0.0
24850,11781400057706,0.0
24851,14061400057707,0.0
24884,14061500057743,-0.0
24885,14071500057744,0.0
24886,14081500057745,-0.0
24887,14091500057746,0.0
24888,14101500057747,-0.0
24889,14111500057748,-0.0
24858,02461500057714,0.0
24859,02501500057718,-0.0
24860,04831500057719,-0.0
24861,04841500057720,0.0
24862,04851500057721,-0.0
24863,04861500057722,-0.0
24864,04871500057723,-0.0
24865,04881500057724,-0.0
24866,09691500057725,0.0
24867,09701500057726,0.0
24900,09701600057762,0.0
24901,09711600057763,0.0
24902,09721600057764,-0.0
24903,09731600057765,0.0
24904,09741600057766,-0.0
24905,11531600057768,0.0
24874,11541500057733,-0.0
24875,11551500057734,0.0
24876,11561500057735,0.0
24877,11571500057736,-0.0
24878,11731500057737,-0.0
24879,11741500057738,0.0
24880,11751500057739,-0.0
24881,11761500057740,-0.0
24882,11771500057741,-0.0
24883,11781500057742,0.0
24916,02471700057787,-0.0
24917,02481700057788,-0.0
24918,02491700057789,-0.0
24919,02501700057790,-0.0
24920,04831700057791,-0.0
24921,04841700057792,0.0
24890,02461600057750,0.0
24891,02471600057751,0.0
24892,02481600057752,0.0
24893,02491600057753,-0.0
24894,02501600057754,-0.0
24895,04831600057755,-0.0
24896,04841600057756,0.0
24897,04861600057758,-0.0
24898,04881600057760,-0.0
24899,09691600057761,-0.0
24932,11521700057803,-0.0
24933,11531700057804,0.0
24934,11541700057805,-0.0
24935,11551700057806,0.0
24936,11561700057807,-0.0
24937,11731700057809,-0.0
24906,11741600057774,0.0
24907,11751600057775,-0.0
24908,11761600057776,-0.0
24909,11781600057778,0.0
24910,14081600057781,-0.0
24911,14091600057782,-0.0
24912,14101600057783,-0.0
24913,14111600057784,-0.0
24914,02451700057785,-0.0
24915,02461700057786,0.0
24948,02452100057821,-0.0
24949,02462100057822,0.0
24950,02472100057823,-0.0
24951,02482100057824,-0.0
24952,02492100057825,-0.0
24953,02502100057826,-0.0
24922,04851700057793,-0.0
24923,04861700057794,-0.0
24924,04871700057795,-0.0
24925,04881700057796,-0.0
24926,09691700057797,-0.0
24927,09701700057798,0.0
24928,09711700057799,-0.0
24929,09721700057800,-0.0
24930,09731700057801,-0.0
24931,09741700057802,-0.0
24964,09732100057837,-0.0
24965,09742100057838,-0.0
24966,11522100057839,-0.0
24967,11532100057840,0.0
24968,11542100057841,0.0
24969,11552100057842,0.0
24938,11741700057810,0.0
24939,11751700057811,0.0
24940,11761700057812,0.0
24941,11771700057813,0.0
24942,11781700057814,0.0
24943,14061700057815,-0.0
24944,14071700057816,0.0
24945,14091700057818,0.0
24946,14101700057819,-0.0
24947,14111700057820,-0.0
24980,14082100057853,-0.0
24981,14092100057854,-0.0
24982,14102100057855,-0.0
24983,14112100057856,-0.0
24984,02452300057857,-0.0
24985,02462300057858,0.0
24954,04832100057827,-0.0
24955,04842100057828,0.0
24956,04852100057829,-0.0
24957,04862100057830,-0.0
24958,04872100057831,-0.0
24959,04882100057832,-0.0
24960,09692100057833,0.0
24961,09702100057834,0.0
24962,09712100057835,0.0
24963,09722100057836,0.0
24996,09702300057870,0.0
24997,09712300057871,-0.0
24998,09722300057872,-0.0
24999,09732300057873,-0.0
25000,09742300057874,-0.0
25001,11522300057875,-0.0
24970,11562100057843,-0.0
24971,11572100057844,-0.0
24972,11732100057845,-0.0
24973,11742100057846,0.0
24974,11752100057847,-0.0
24975,11762100057848,-0.0
24976,11772100057849,-0.0
24977,11782100057850,-0.0
24978,14062100057851,-0.0
24979,14072100057852,0.0
25012,11782300057886,-0.0
25013,14062300057887,-0.0
25014,14072300057888,0.0
25015,14082300057889,-0.0
25016,14092300057890,-0.0
25017,14102300057891,-0.0
24986,02472300057859,-0.0
24987,02482300057860,-0.0
24988,02492300057861,-0.0
24989,02502300057862,-0.0
24990,04832300057863,-0.0
24991,04842300057864,0.0
24992,04852300057865,-0.0
24993,04862300057866,-0.0
24994,04872300057867,-0.0
24995,09692300057869,-0.0
25028,04882400057904,-0.0
25029,09692400057905,0.0
25030,09702400057906,0.0
25031,09712400057907,0.0
25032,09732400057909,0.0
25033,09742400057910,-0.0
25002,11532300057876,0.0
25003,11542300057877,-0.0
25004,11552300057878,-0.0
25005,11562300057879,-0.0
25006,11572300057880,-0.0
25007,11732300057881,-0.0
25008,11742300057882,0.0
25009,11752300057883,-0.0
25010,11762300057884,-0.0
25011,11772300057885,-0.0
25044,11772400057921,0.0
25045,11782400057922,-0.0
25046,14062400057923,0.0
25047,14072400057924,0.0
25048,14082400057925,0.0
25049,14092400057926,0.0
25018,14112300057892,-0.0
25019,02452400057893,0.0
25020,02462400057894,0.0
25021,02472400057895,0.0
25022,02482400057896,0.0
25023,02492400057897,0.0
25024,02502400057898,-0.0
25025,04842400057900,0.0
25026,04852400057901,0.0
25027,04862400057902,0.0
25060,04872500057939,-0.0
25061,09692500057941,0.0
25062,09702500057942,0.0
25063,09712500057943,0.0
25064,09722500057944,0.0
25065,09732500057945,0.0
25034,11522400057911,0.0
25035,11532400057912,0.0
25036,11542400057913,0.0
25037,11552400057914,0.0
25038,11562400057915,0.0
25039,11572400057916,-0.0
25040,11732400057917,0.0
25041,11742400057918,0.0
25042,11752400057919,0.0
25043,11762400057920,0.0
25076,11762500057956,-0.0
25077,11772500057957,-0.0
25078,11782500057958,-0.0
25079,14062500057959,0.0
25080,14072500057960,0.0
25081,14082500057961,0.0
25050,14102400057927,0.0
25051,14112400057928,-0.0
25052,02462500057930,0.0
25053,02482500057932,-0.0
25054,02492500057933,-0.0
25055,02502500057934,-0.0
25056,04832500057935,-0.0
25057,04842500057936,0.0
25058,04852500057937,-0.0
25059,04862500057938,-0.0
25092,04852600057973,-0.0
25093,04862600057974,0.0
25094,04872600057975,0.0
25095,04882600057976,-0.0
25096,09692600057977,-0.0
25097,09702600057978,0.0
25066,09742500057946,-0.0
25067,11522500057947,-0.0
25068,11532500057948,0.0
25069,11542500057949,0.0
25070,11552500057950,-0.0
25071,11562500057951,-0.0
25072,11572500057952,-0.0
25073,11732500057953,-0.0
25074,11742500057954,0.0
25075,11752500057955,-0.0
25108,11782600057994,0.0
25109,14072600057996,0.0
25110,14082600057997,-0.0
25111,14092600057998,0.0
25112,14102600057999,0.0
25113,14112600058000,-0.0
25082,14092500057962,0.0
25083,14102500057963,0.0
25084,14112500057964,-0.0
25085,02452600057965,-0.0
25086,02462600057966,0.0
25087,02472600057967,-0.0
25088,02492600057969,-0.0
25089,02502600057970,-0.0
25090,04832600057971,-0.0
25091,04842600057972,0.0
25124,09702900058014,0.0
25125,09712900058015,-0.0
25126,09722900058016,-0.0
25127,09732900058017,-0.0
25128,09742900058018,-0.0
25129,11522900058019,0.0
25098,09712600057979,-0.0
25099,09722600057980,-0.0
25100,09732600057981,-0.0
25101,09742600057982,-0.0
25102,11532600057984,0.0
25103,11542600057985,-0.0
25104,11562600057987,0.0
25105,11742600057990,0.0
25106,11762600057992,-0.0
25107,11772600057993,-0.0
25140,14112900058036,-0.0
25141,02453000058037,0.0
25142,02463000058038,0.0
25143,02473000058039,0.0
25144,02483000058040,0.0
25145,02503000058042,-0.0
25114,02462900058002,0.0
25115,02472900058003,0.0
25116,02482900058004,0.0
25117,02492900058005,0.0
25118,02502900058006,-0.0
25119,04832900058007,0.0
25120,04842900058008,0.0
25121,04852900058009,0.0
25122,04882900058012,0.0
25123,09692900058013,-0.0
25156,09733000058053,-0.0
25157,09743000058054,-0.0
25158,11533000058056,0.0
25159,11563000058059,-0.0
25160,11573000058060,-0.0
25161,11733000058061,0.0
25130,11532900058020,0.0
25131,11542900058021,0.0
25132,11552900058022,0.0
25133,11562900058023,0.0
25134,11762900058028,0.0
25135,11782900058030,0.0
25136,14062900058031,0.0
25137,14072900058032,0.0
25138,14082900058033,0.0
25139,14092900058034,0.0
25172,04833100058079,0.0
25173,04843100058080,0.0
25174,04853100058081,-0.0
25175,04863100058082,0.0
25176,04873100058083,0.0
25177,04883100058084,0.0
25146,04833000058043,-0.0
25147,04843000058044,0.0
25148,04853000058045,-0.0
25149,04863000058046,-0.0
25150,04873000058047,-0.0
25151,04883000058048,-0.0
25152,09693000058049,-0.0
25153,09703000058050,0.0
25154,09713000058051,-0.0
25155,09723000058052,-0.0
25188,11733100058097,0.0
25189,11743100058098,0.0
25190,11753100058099,0.0
25191,11763100058100,0.0
25192,11773100058101,0.0
25193,11783100058102,0.0
25162,11743000058062,0.0
25163,11763000058064,0.0
25164,11783000058066,-0.0
25165,14073000058068,0.0
25166,14093000058070,0.0
25167,14113000058072,-0.0
25168,02453100058073,-0.0
25169,02463100058074,0.0
25170,02483100058076,0.0
25171,02503100058078,-0.0
25204,02503300058114,-0.0
25205,04833300058115,-0.0
25206,04843300058116,0.0
25207,04853300058117,0.0
25208,04863300058118,-0.0
25209,04873300058119,-0.0
25178,09693100058085,0.0
25179,09703100058086,0.0
25180,09713100058087,0.0
25181,09723100058088,0.0
25182,09733100058089,-0.0
25183,09743100058090,-0.0
25184,11523100058091,0.0
25185,11533100058092,0.0
25186,11553100058094,0.0
25187,11573100058096,-0.0
25220,11553300058130,0.0
25221,11563300058131,0.0
25222,11743300058134,0.0
25223,11763300058136,-0.0
25224,11773300058137,0.0
25225,11783300058138,0.0
25194,14063100058103,-0.0
25195,14073100058104,0.0
25196,14083100058105,-0.0
25197,14093100058106,-0.0
25198,14103100058107,-0.0
25199,14113100058108,-0.0
25200,02453300058109,-0.0
25201,02463300058110,0.0
25202,02473300058111,-0.0
25203,02483300058112,0.0
25236,04853400058153,-0.0
25237,04863400058154,0.0
25238,04883400058156,0.0
25239,09693400058157,-0.0
25240,09703400058158,0.0
25241,09713400058159,-0.0
25210,04883300058120,-0.0
25211,09693300058121,-0.0
25212,09703300058122,0.0
25213,09713300058123,-0.0
25214,09723300058124,0.0
25215,09733300058125,-0.0
25216,09743300058126,-0.0
25217,11523300058127,0.0
25218,11533300058128,0.0
25219,11543300058129,0.0
25252,14083400058177,0.0
25253,14093400058178,0.0
25254,14113400058180,-0.0
25255,02453700058181,-0.0
25256,02463700058182,0.0
25257,02473700058183,-0.0
25226,14073300058140,0.0
25227,14093300058142,0.0
25228,14103300058143,-0.0
25229,14113300058144,-0.0
25230,02463400058146,0.0
25231,02473400058147,0.0
25232,02483400058148,0.0
25233,02503400058150,-0.0
25234,04833400058151,0.0
25235,04843400058152,0.0
25268,09703700058194,0.0
25269,09713700058195,-0.0
25270,09733700058197,-0.0
25271,09743700058198,-0.0
25272,11523700058199,-0.0
25273,11533700058200,0.0
25242,09733400058161,-0.0
25243,09743400058162,-0.0
25244,11523400058163,0.0
25245,11533400058164,0.0
25246,11573400058168,0.0
25247,11733400058169,0.0
25248,11753400058171,0.0
25249,11763400058172,-0.0
25250,11783400058174,0.0
25251,14063400058175,-0.0
25284,14093700058214,0.0
25285,14103700058215,-0.0
25286,14113700058216,-0.0
25287,02453800058217,-0.0
25288,02463800058218,0.0
25289,02473800058219,-0.0
25258,02483700058184,-0.0
25259,02493700058185,-0.0
25260,02503700058186,-0.0
25261,04833700058187,-0.0
25262,04843700058188,0.0
25263,04853700058189,-0.0
25264,04863700058190,-0.0
25265,04873700058191,-0.0
25266,04883700058192,-0.0
25267,09693700058193,-0.0
25300,09713800058231,-0.0
25301,09723800058232,-0.0
25302,09733800058233,-0.0
25303,09743800058234,-0.0
25304,11523800058235,-0.0
25305,11533800058236,0.0
25274,11543700058201,-0.0
25275,11553700058202,-0.0
25276,11563700058203,-0.0
25277,11733700058205,0.0
25278,11743700058206,0.0
25279,11753700058207,-0.0
25280,11763700058208,-0.0
25281,11773700058209,0.0
25282,11783700058210,0.0
25283,14073700058212,0.0
25316,14073800058248,0.0
25317,14083800058249,-0.0
25318,14093800058250,-0.0
25319,14103800058251,-0.0
25320,14113800058252,-0.0
25321,02450800058253,0.0
25290,02483800058220,0.0
25291,02493800058221,-0.0
25292,02503800058222,-0.0
25293,04833800058223,-0.0
25294,04843800058224,0.0
25295,04853800058225,0.0
25296,04863800058226,-0.0
25297,04883800058228,0.0
25298,09693800058229,-0.0
25299,09703800058230,0.0
25332,04880800058264,-0.0
25333,09690800058265,0.0
25334,09700800058266,0.0
25335,09710800058267,0.0
25336,09730800058269,-0.0
25337,09740800058270,-0.0
25306,11543800058237,0.0
25307,11553800058238,-0.0
25308,11563800058239,-0.0
25309,11733800058241,0.0
25310,11743800058242,0.0
25311,11753800058243,-0.0
25312,11763800058244,-0.0
25313,11773800058245,-0.0
25314,11783800058246,0.0
25315,14063800058247,-0.0
25348,14080800058285,0.0
25349,14100800058287,-0.0
25350,14110800058288,-0.0
25351,02452000058289,0.0
25352,02462000058290,0.0
25353,02472000058291,0.0
25322,02460800058254,0.0
25323,02470800058255,0.0
25324,02480800058256,0.0
25325,02490800058257,0.0
25326,02500800058258,-0.0
25327,04830800058259,0.0
25328,04840800058260,0.0
25329,04850800058261,0.0
25330,04860800058262,0.0
25331,04870800058263,0.0
25364,09722000058304,-0.0
25365,09742000058306,-0.0
25366,11522000058307,0.0
25367,11532000058308,0.0
25368,11542000058309,0.0
25369,11552000058310,0.0
25338,11530800058272,0.0
25339,11550800058274,0.0
25340,11570800058276,-0.0
25341,11730800058277,0.0
25342,11750800058279,0.0
25343,11760800058280,0.0
25344,11770800058281,0.0
25345,11780800058282,0.0
25346,14060800058283,-0.0
25347,14070800058284,0.0
25380,14082000058321,0.0
25381,14092000058322,0.0
25382,14102000058323,-0.0
25383,14112000058324,-0.0
25384,02451800058325,0.0
25385,02461800058326,0.0
25354,02482000058292,0.0
25355,02492000058293,0.0
25356,02502000058294,-0.0
25357,04832000058295,0.0
25358,04842000058296,0.0
25359,04852000058297,0.0
25360,04862000058298,0.0
25361,04872000058299,0.0
25362,04882000058300,0.0
25363,09702000058302,0.0
25396,09691800058337,-0.0
25397,09701800058338,0.0
25398,09711800058339,-0.0
25399,09731800058341,-0.0
25400,09741800058342,-0.0
25401,11521800058343,0.0
25370,11562000058311,0.0
25371,11572000058312,-0.0
25372,11732000058313,0.0
25373,11742000058314,0.0
25374,11752000058315,0.0
25375,11762000058316,0.0
25376,11772000058317,0.0
25377,11782000058318,0.0
25378,14062000058319,0.0
25379,14072000058320,0.0
25412,14081800058357,0.0
25413,14091800058358,0.0
25414,14111800058360,-0.0
25415,02452700058361,-0.0
25416,02462700058362,0.0
25417,02472700058363,0.0
25386,02471800058327,0.0
25387,02481800058328,0.0
25388,02491800058329,0.0
25389,02501800058330,-0.0
25390,04831800058331,0.0
25391,04841800058332,0.0
25392,04851800058333,0.0
25393,04861800058334,0.0
25394,04871800058335,0.0
25395,04881800058336,0.0
25428,09722700058376,0.0
25429,09732700058377,-0.0
25430,09742700058378,-0.0
25431,11522700058379,0.0
25432,11532700058380,0.0
25433,11542700058381,0.0
25402,11531800058344,0.0
25403,11541800058345,0.0
25404,11551800058346,0.0
25405,11561800058347,0.0
25406,11731800058349,0.0
25407,11751800058351,-0.0
25408,11761800058352,0.0
25409,11771800058353,0.0
25410,11781800058354,0.0
25411,14071800058356,0.0
25444,02482800058400,0.0
25445,02502800058402,-0.0
25446,04832800058403,-0.0
25447,04842800058404,0.0
25448,04852800058405,0.0
25449,04862800058406,-0.0
25418,02482700058364,0.0
25419,02492700058365,-0.0
25420,02502700058366,-0.0
25421,04832700058367,0.0
25422,04842700058368,0.0
25423,04862700058370,0.0
25424,04882700058372,0.0
25425,09692700058373,0.0
25426,09702700058374,0.0
25427,09712700058375,0.0
25460,11752800058423,0.0
25461,11762800058424,0.0
25462,11772800058425,-0.0
25463,11782800058426,-0.0
25464,14062800058427,0.0
25465,14072800058428,0.0
25434,11552700058382,-0.0
25435,11742700058386,0.0
25436,11762700058388,0.0
25437,11782700058390,0.0
25438,14072700058392,0.0
25439,14092700058394,0.0
25440,14112700058396,-0.0
25441,02452800058397,-0.0
25442,02462800058398,0.0
25443,02472800058399,-0.0
25657,04870700058659,-0.0
25669,11760700058676,0.0
25670,11770700058677,-0.0
25671,11780700058678,-0.0
25672,14060700058679,-0.0
25668,11750700058675,-0.0
25450,04872800058407,-0.0
25451,09692800058409,-0.0
25452,09702800058410,0.0
25453,09712800058411,-0.0
25454,09732800058413,-0.0
25455,09742800058414,-0.0
25456,11532800058416,0.0
25457,11572800058420,-0.0
25458,11732800058421,0.0
25676,14100700058683,-0.0
25667,11740700058674,0.0
25642,14072200058644,0.0
25459,11742800058422,0.0
25673,14070700058680,0.0
5,00070100000006,-0.0
25674,14080700058681,-0.0
25658,04880700058660,-0.0
25659,09700700058662,0.0
25660,09720700058664,0.0
25661,09730700058665,-0.0
25662,09740700058666,-0.0
25663,11530700058668,0.0
25664,11540700058669,-0.0
25665,11560700058671,-0.0
25666,11570700058672,-0.0
25675,14090700058682,-0.0
397,13340104001334,-4.36688423109028e-21
4060,05840900009177,-3.193630543470423e-20
1350,05840300003449,-1.034395739283968e-19
10651,07242300023636,-1.6381021058100912e-19
1071,13910200002823,-5.777245742097231e-08
121,04600105000460,-7.050398380982181e-08
408,13980101001398,-8.195529745996287e-08
1070,13900200002822,-8.517527768636048e-08
9985,07402100022220,-1.5517799760936578e-07
2577,02900501006017,-3.9351472736185695e-07
19189,12822000042810,-4.893970162723899e-07
101,04020100000402,-5.030311075606078e-07
1666,12510300004115,-5.137614104671589e-07
102,04030100000403,-6.34536010857202e-07
9089,03021705020350,-6.928333250672252e-07
13382,12822900029922,-7.446225939172046e-07
5991,06571200013545,-7.661226059323873e-07
135,05220104000522,-8.252738903397289e-07
291,09850100000976,-9.272065309525862e-07
2515,00840504005811,-1.142887803752927e-06
356,11560100001156,-1.1996885725939962e-06
221,07980103000789,-1.2272272566905852e-06
18,00580100000057,-1.2874095041233912e-06
14864,04413305033377,-1.3999499470261476e-06
392,12920105001292,-1.4520158698555049e-06
1246,04140300003278,-1.4816937889105592e-06
1495,09080300003772,-1.5922668602254137e-06
119,04580104000458,-2.243940638780339e-06
549,03110200001743,-2.282564771277366e-06
409,13990100001399,-2.3199473832818257e-06
125,04650104000470,-2.456593950379575e-06
16509,11673705036967,-2.5687304158441352e-06
23601,08194005053795,-2.788361387879238e-06
1065,13850200002817,-2.9236306981922193e-06
588,03890200001820,-2.964833391096249e-06
950,11000202002532,-3.076395177648472e-06
962,11500201002582,-3.6687681722145446e-06
462,00730200001504,-3.768287736011681e-06
352,11520100001152,-3.837601816140624e-06
7497,10421405016785,-6.750192758452821e-06
13359,12382900029878,-7.1521459856383324e-06
401,13710100001371,-9.499749975083121e-06
11893,08022503026569,-1.0939779346644563e-05
1081,14110200002843,-1.1697406215637127e-05
67,02500100000230,-1.2198266047492021e-05
1585,10440300003899,-1.2309477823848642e-05
80,03130100000313,-1.2635181755943328e-05
257,09010104000901,-1.3714297512035979e-05
1349,05830300003448,-1.3729795787871114e-05
393,12930104001293,-1.427583200073365e-05
17,00570100000056,-1.4940737311885734e-05
4059,05830900009176,-1.5679648760365423e-05
1748,14160300004280,-1.58000206147908e-05
1810,01140400004410,-1.7715997854544333e-05
114,04530104000453,-1.7745840066106542e-05
19192,12852000042813,-1.7793111627328522e-05
320,10190100001010,-1.920250586095613e-05
18887,06792000042207,-1.9418139161708123e-05
9956,07052100022185,-1.9983675312943835e-05
581,03760200001808,-2.0104352975498947e-05
6059,08281205013707,-2.2818482779563696e-05
9664,00422104021521,-2.309204037180657e-05
19190,12832000042811,-2.3182279513346733e-05
6171,10481200013927,-2.327882533827455e-05
17235,13003800038532,-2.3532432937491857e-05
15678,08173405035176,-2.4732985043328677e-05
12880,02052900028825,-2.476015581116304e-05
314,10130100001004,-2.4940571093120143e-05
127,04690104000474,-2.513595563407435e-05
310,10040100000995,-2.5581972130395972e-05
79,03120100000312,-2.5644800835820967e-05
7586,12671400017019,-2.5824067109422585e-05
160,06680104000668,-2.604102902948784e-05
859,09370205002353,-2.756827983029056e-05
709,06090200002041,-2.9121684653000185e-05
176,07160100000716,-2.9700537564126334e-05
309,10030100000994,-2.9934491278869014e-05
11278,08242405025153,-3.294755186085563e-05
166,06990104000699,-3.742231186072864e-05
77,03100100000310,-3.7749697955664524e-05
3212,01590600007299,-3.7803357384119806e-05
844,09010204002333,-4.19795181990243e-05
146,05800100000580,-4.313743359249599e-05
259,09120100000912,-4.3335819146144434e-05
247,08880104000888,-4.536849930611733e-05
760,07070200002139,-4.5583598448721304e-05
15281,12693300034205,-4.632952801977261e-05
402,13820100001382,-4.671201854680021e-05
277,09700100000961,-4.839112721579366e-05
9957,07062100022186,-4.933519477397665e-05
97,03760100000376,-5.067861878642064e-05
106,04130104000412,-5.255928268964969e-05
10592,05872300023499,-5.612476098679609e-05
1426,07190300003583,-5.639069077938745e-05
94,03670100000367,-5.867565578580131e-05
225,08030103000794,-5.877286480524235e-05
10649,07222300023634,-6.191474262007827e-05
5805,03521200013240,-6.327322061174053e-05
1064,13840200002816,-6.574614398498803e-05
396,13330100001333,-6.697021706184895e-05
1044,13400205002772,-7.391039658005152e-05
95,03710100000371,-7.47315268914629e-05
73,02890105000293,-7.482020350416715e-05
113,04520105000452,-8.413470031178783e-05
2144,07840403005071,-8.671314024532351e-05
395,13320104001332,-9.265541124761597e-05
140,05540104000554,-9.397456223647398e-05
823,08720205002304,-9.610136695305637e-05
742,06870200002119,-0.00011230303443735549
7884,04861500017670,-0.00011558387573672289
447,00540201001485,-0.00012468045983549702
410,14000100001400,-0.00012469852309178513
4424,14050900009997,-0.00012595286613852183
6020,07201200013608,-0.00012825706724395701
230,08120103000803,-0.00013629542447418086
645,04870200001919,-0.00013983217040096444
507,01680204001580,-0.00018453368846978513
1416,07070300003571,-0.00018801157874153397
1082,14120200002844,-0.00019134875061093873
329,10280100001019,-0.0001994080961906613
1613,11510301004015,-0.00019951731942922878
11883,07842503026551,-0.0002046109914435198
773,07210200002153,-0.00020617894958859222
5126,01561000011592,-0.00021238419359451122
1,00030100000002,-0.00021360641836926808
1256,04410305003305,-0.0002293643985814717
1077,14060200002838,-0.00023211969955886703
6838,10471300015358,-0.00023293732328324383
1589,10480300003903,-0.0002332475630694568
1405,06950300003559,-0.00023461984588940565
4,00060100000005,-0.00023624974226418643
368,11840100001184,-0.00023817734642846676
10563,05432300023455,-0.000255014002778045
1883,03020405004598,-0.0002645222896791349
81,03510100000351,-0.0002659230234393921
486,01440204001556,-0.00029212228758182686
59,02320100000212,-0.0002961231579865545
190,07400100000740,-0.0003001133406620093
468,00820200001513,-0.00030357037754849574
21320,05433500047799,-0.00030831168678625175
676,05440200001976,-0.0003113415002691755
437,00400200001471,-0.0003121743545706508
3213,01600600007300,-0.0003215337742513044
730,06460204002078,-0.00033139541138622864
141,05550105000555,-0.00033461304483005925
1584,10430300003898,-0.0003385988362992129
606,04370200001869,-0.00035396249314599717
9663,00412100021520,-0.00036478586974479155
1274,04780305003332,-0.00036502321710853305
677,05450200001977,-0.0003669491204453225
1587,10460300003901,-0.0003822036876794846
755,07020200002134,-0.00038244469544256016
1032,13000200002732,-0.0003925317306531646
354,11540100001154,-0.0003931746494318416
456,00640200001495,-0.0004025404951610676
179,07230100000723,-0.00044013849666877443
96,03730100000373,-0.00046976102229088264
224,08020103000793,-0.0004700034747588573
178,07200100000720,-0.00048117093195160394
223,08010103000792,-0.0004894121204581315
759,07060200002138,-0.0005025038725076737
471,00850200001517,-0.0005494457886274356
351,11510101001151,-0.0006259537114046933
32,00810104000080,-0.0006293084925434015
868,09640200002380,-0.0006544799830416377
7,00350105000034,-0.0007157173140785625
105,04120100000411,-0.0008209652925903815
432,00340200001465,-0.0008758058190647547
1009,12670200002699,-0.0009045558599340508
25,00720100000071,-0.0009202421186369902
10,00420104000041,-0.0009338780951782625
165,06980100000698,-0.0009941260148946332
56,01830101000163,-0.001013790204461474
469,00830204001514,-0.0010389986021141636
180,07250100000725,-0.001087672978713465
167,07000104000700,-0.0011044748539719039
278,09720100000963,-0.0011997830929168015
22,00640100000063,-0.0014280320530131372
3,00050100000004,-0.0014463196900955974
170,07070100000707,-0.001457641580359835
219,07960103000787,-0.0014822318820189254
506,01670204001579,-0.0020214667166183115
66,02490100000229,-0.0020831643587171204
38,01120101000112,-0.0022804875523848587
14,00540101000053,-0.0028115143974842766
45,01500104000130,-0.003287475742000116
16,00560100000055,-0.003505002919413897
39,01440104000124,-0.0035605689487838744
64,02470100000227,-0.0035819660784304087
30,00790100000078,-0.003816582739478067
37,01030103000103,-0.004150443207907324
19,00590100000058,-0.00476969871074548
11,00450104000044,-0.0048396122145113
43,01480104000128,-0.0049690008111735184
27,00740100000073,-0.005051102496201792
15,00550101000054,-0.00705341213496671
